0.108291353468 0.891708646532
0.556787594458 0.443212405542
0.855534010193 0.144465989807
0.320869956594 0.679130043406
0.0313795070421 0.968620492958
0.10803128831 0.89196871169
4.25863538029e-06 0.999995741365
5.78895238756e-08 0.99999994211
0.110552338925 0.889447661075
0.318925707184 0.681074292816
0.0160046766061 0.983995323394
0.04457914464 0.95542085536
0.335920857892 0.664079142108
0.0443224859979 0.955677514002
0.0668360248976 0.933163975102
0.000213580491192 0.999786419509
0.72266880604 0.27733119396/
0.0815415592591 0.918458440741
0.4408194952 0.5591805048
9.42518435051e-05 0.999905748156
0.0623138318979 0.937686168102
0.0415142802898 0.95848571971
0.250269861407 0.749730138593
0.0459305728688 0.954069427131
0.00106059000211 0.998939409998
0.00684057849874 0.993159421501
2.74921902633e-05 0.99997250781
0.436467833509 0.563532166491
0.00136072634658 0.998639273653
0.000931130953705 0.999068869046
0.4408194952 0.5591805048
0.0938562877935 0.906143712207
0.00465577471923 0.995344225281
0.0581482348667 0.941851765133
0.36845453954 0.63154546046
0.797486087768 0.202513912232/
0.865658182144 0.134341817856/
0.013932227554 0.986067772446
0.160117191144 0.839882808856
0.00560414206948 0.994395857931
0.800686567639 0.199313432361/
0.498582489144 0.501417510856
3.13243560992e-05 0.999968675644
0.0709057830099 0.92909421699
0.0136757205891 0.986324279411
0.002415898126 0.997584101874
0.0130731644647 0.986926835535
0.652941904134 0.347058095866/
0.0112257683164 0.988774231684
0.498582489144 0.501417510856
0.00622458393209 0.993775416068
1.61988547325e-05 0.999983801145
0.00198582304293 0.998014176957
0.91492816538 0.0850718346198
0.680586841004 0.319413158996/
0.0911044955988 0.908895504401
0.582622134088 0.417377865912/
0.180706864285 0.819293135715
1.42916515292e-05 0.999985708348
0.147047483158 0.852952516842
0.494598970975 0.505401029025
0.115549619251 0.884450380749
0.000100533908896 0.999899466091
0.00595823887274 0.994041761127
0.0023925011978 0.997607498802
0.292941847997 0.707058152003
2.84120689926e-05 0.999971587931
0.92476372439 0.0752362756095
0.0498912264872 0.950108773513
1.98391486619e-07 0.999999801609
1.1406772921e-05 0.999988593227
0.0112022171169 0.988797782883
0.0742667965352 0.925733203465
0.0155949928139 0.984405007186
0.0158146330331 0.984185366967
0.0383169137271 0.961683086273
0.542507358134 0.457492641866/
0.548637645921 0.451362354079/
0.00101070732576 0.998989292674
0.296831699713 0.703168300287
0.169717371496 0.830282628504
0.17160625 0.82839375
0.00863704643776 0.991362953562
0.736760223167 0.263239776833/
0.00230646501044 0.99769353499
0.0102228412453 0.989777158755
0.209947430106 0.790052569894
0.378259851799 0.621740148201
0.271472289966 0.728527710034
0.0427037029572 0.957296297043
0.160359755082 0.839640244918
0.0340787848019 0.965921215198
0.0373893754093 0.962610624591
0.408210363806 0.591789636194
0.249063687219 0.750936312781
0.212657442442 0.787342557558
0.237068183977 0.762931816023
0.157583206848 0.842416793152
0.181637402605 0.818362597395
0.300560191238 0.699439808762
0.000290537124209 0.999709462876
0.214728641387 0.785271358613
0.0123502187776 0.987649781222
0.153183954494 0.846816045506
0.0380080901778 0.961991909822
0.402500573885 0.597499426115
0.0412633117872 0.958736688213
0.639787283452 0.360212716548/
0.4408194952 0.5591805048
6.73841373637e-05 0.999932615863
0.069380685048 0.930619314952
0.00107277657001 0.99892722343
2.92900530608e-09 0.999999997071
0.0497157204527 0.950284279547
0.0180466610626 0.981953338937
0.00489952287227 0.995100477128
0.0443224859979 0.955677514002
0.505193139816 0.494806860184/
0.0197581720016 0.980241827998
0.12756618976 0.87243381024
0.834557277919 0.165442722081/
0.260785145125 0.739214854875
0.00022699510064 0.999773004899
0.4408194952 0.5591805048
0.4408194952 0.5591805048
9.9428801129e-06 0.99999005712
0.0319000615992 0.968099938401
0.0286138223262 0.971386177674
0.0443224859979 0.955677514002
0.355575487537 0.644424512463
0.451001274029 0.548998725971
0.0824929290158 0.917507070984
0.110037221298 0.889962778702
0.978662167389 0.0213378326109/
0.0414174088836 0.958582591116
0.889366639836 0.110633360164/
0.0582301984703 0.94176980153
0.0147612439376 0.985238756062
0.00102635800437 0.998973641996
0.4408194952 0.5591805048
0.00839962330302 0.991600376697
0.188292125721 0.811707874279
0.276843897191 0.723156102809
0.00918671652101 0.990813283479
0.464617249172 0.535382750828
0.602357852956 0.397642147044/
0.00947144668687 0.990528553313
0.000254074348082 0.999745925652
0.514306866664 0.485693133336/
0.000872353849512 0.99912764615
0.000152242644117 0.999847757356
0.0146046900168 0.985395309983
0.0001637988355 0.999836201164
0.982484933739 0.0175150662611/
0.1749339676 0.8250660324
0.0586990989943 0.941300901006
0.110037221298 0.889962778702
4.52519296243e-07 0.999999547481
0.000444922326646 0.999555077673
2.3178124136e-08 0.999999976822
0.0130154466535 0.986984553346
0.623505393931 0.376494606069/
0.796450886266 0.203549113734/
0.0563542919692 0.943645708031
0.00271580839013 0.99728419161
1.21928448269e-05 0.999987807155
0.208462716484 0.791537283516
0.0293629020734 0.970637097927
0.958632930043 0.0413670699571/
0.0163789733609 0.983621026639
0.814753598437 0.185246401563/
0.109001126177 0.890998873823
0.28338953926 0.71661046074
0.0539125502745 0.946087449726
1.21348453871e-05 0.999987865155
0.444900284961 0.555099715039
0.072028936477 0.927971063523
0.514402212808 0.485597787192/
0.108533740956 0.891466259044
0.021521125383 0.978478874617
0.68433198695 0.31566801305/
0.239905613168 0.760094386832
0.357636750625 0.642363249375
0.0326167122456 0.967383287754
0.195967219389 0.804032780611
7.57761169326e-05 0.999924223883
0.4408194952 0.5591805048
0.439303225354 0.560696774646
0.36845453954 0.63154546046
0.4408194952 0.5591805048
0.647926954489 0.352073045511/
0.00348284659075 0.996517153409
0.563166260293 0.436833739707/
0.273985358506 0.726014641494
0.0940943751851 0.905905624815
0.995398902536 0.004601097464/
0.03224835307 0.96775164693
0.0354657936104 0.96453420639
0.455281074715 0.544718925285
0.176130073288 0.823869926712
0.645391111817 0.354608888183/
0.788705624451 0.211294375549/
0.00287762986161 0.997122370138
0.0753214529334 0.924678547067
0.000713762054866 0.999286237945
0.301649014927 0.698350985073
0.0200437488428 0.979956251157
0.00043023434793 0.999569765652
0.0380080901778 0.961991909822
0.335920857892 0.664079142108
0.0804563490394 0.919543650961
0.579313815325 0.420686184675/
0.000519464114293 0.999480535886
0.00763697247194 0.992363027528
0.0350923345085 0.964907665491
2.86326380853e-05 0.999971367362
0.110037221298 0.889962778702
0.013417195843 0.986582804157
0.0580331397568 0.941966860243
0.10508180419 0.89491819581
0.0282795368882 0.971720463112
0.849626402111 0.150373597889/
0.357636750625 0.642363249375
0.0774753919621 0.922524608038
0.256188930586 0.743811069414
0.0241874818889 0.975812518111
0.333123307466 0.666876692534
0.0163727952534 0.983627204747
0.0790813135158 0.920918686484
0.0416901438165 0.958309856184
0.100704875068 0.899295124932
0.000100268802378 0.999899731198
0.020250749979 0.979749250021
0.0133428890201 0.98665711098
4.61355112903e-05 0.999953864489
0.37170701869 0.62829298131
0.00790661227375 0.992093387726
0.0310225412433 0.968977458757
0.142261015599 0.857738984401
0.514360535592 0.485639464408/
0.0956930617734 0.904306938227
0.00547192428918 0.994528075711
0.23088570388 0.76911429612
0.0193337886966 0.980666211303
0.031631412283 0.968368587717
0.83550523517 0.16449476483/
0.0153987165347 0.984601283465
0.200629072955 0.799370927045
0.427183408661 0.572816591339
0.230310073118 0.769689926882
0.253549726945 0.746450273055
0.000803133291364 0.999196866709
0.643306810257 0.356693189743/
1.23142364064e-06 0.999998768576
0.0400391452385 0.959960854761
0.296621295453 0.703378704547
4.2982966745e-05 0.999957017033
0.237068183977 0.762931816023
0.806409086697 0.193590913303/
0.817333069068 0.182666930932/
0.0642366193697 0.93576338063
0.0126053662688 0.987394633731
0.902852655614 0.0971473443856
0.30600335772 0.69399664228
4.14861642937e-08 0.999999958514
0.13575650336 0.86424349664
0.110037221298 0.889962778702
0.00647772562824 0.993522274372
0.763403484274 0.236596515726/
0.4408194952 0.5591805048
0.041409017693 0.958590982307
0.0443224859979 0.955677514002
0.465878537234 0.534121462766
0.0548903065885 0.945109693411
0.177692590521 0.822307409479
0.118369901744 0.881630098256
0.793239174704 0.206760825296/
0.639787283452 0.360212716548/
0.252326160242 0.747673839758
0.0615118224281 0.938488177572
0.107366733169 0.892633266831
0.639787283452 0.360212716548/
0.0128401091869 0.987159890813
0.219566678964 0.780433321036
0.0774753919621 0.922524608038
0.0626519787221 0.937348021278
0.4408194952 0.5591805048
0.303366589471 0.696633410529
0.2109379139 0.7890620861
0.00139392977535 0.998606070225
0.366529911183 0.633470088817
0.841969540882 0.158030459118/
0.110552338925 0.889447661075
0.234460862995 0.765539137005
0.6088830946 0.3911169054/
0.0127913805447 0.987208619455
0.00209913249698 0.997900867503
0.579175177399 0.420824822601/
8.26732609367e-05 0.999917326739
0.0464770452197 0.95352295478
0.385281152982 0.614718847018
2.58613079697e-05 0.999974138692
0.000171368721527 0.999828631278
0.829952685835 0.170047314165/
0.0286467471075 0.971353252892
0.4408194952 0.5591805048
0.400721913545 0.599278086455
0.00205702153955 0.99794297846
0.840173061182 0.159826938818/
0.336488646927 0.663511353073
0.0464770452197 0.95352295478
0.443327775429 0.556672224571
0.465878537234 0.534121462766
0.400432929717 0.599567070283
0.000612276645469 0.999387723355
2.59032647423e-05 0.999974096735
0.000179184428964 0.999820815571
0.0420361029833 0.957963897017
0.290093095134 0.709906904866
3.18698736653e-05 0.999968130126
0.0191925306301 0.98080746937
6.42378501323e-05 0.99993576215
0.0407558092176 0.959244190782
0.399172687662 0.600827312338
0.000371372903529 0.999628627096
0.00912141317319 0.990878586827
0.0124062361937 0.987593763806
0.134473824695 0.865526175305
0.868570342783 0.131429657217/
0.225063423847 0.774936576153
0.0774753919621 0.922524608038
7.73242550349e-05 0.999922675745
0.0774187197834 0.922581280217
0.0796494913351 0.920350508665
0.514402212808 0.485597787192/
0.116816453791 0.883183546209
0.0328796433809 0.967120356619
0.357636750625 0.642363249375
0.00218672441804 0.997813275582
0.00513694824047 0.99486305176
0.0256130195814 0.974386980419
0.0373893754093 0.962610624591
0.000902819723902 0.999097180276
0.0271497927061 0.972850207294
0.494861258517 0.505138741483
0.0415619818533 0.958438018147
0.0312354868328 0.968764513167
0.4408194952 0.5591805048
0.0803602097391 0.919639790261
0.041098279177 0.958901720823
0.248938371728 0.751061628272
0.188886062028 0.811113937972
0.264036951598 0.735963048402
0.0305374445785 0.969462555422
0.633201851568 0.366798148432/
0.00204776924603 0.997952230754
1.0237330487e-05 0.99998976267
0.721415394793 0.278584605207/
0.862586534567 0.137413465433/
2.5887497101e-05 0.999974112503
0.0425036881318 0.957496311868
0.000211794844538 0.999788205155
0.457655707011 0.542344292989
0.564369254911 0.435630745089/
0.170130457444 0.829869542556
0.0850821614203 0.91491783858
0.319468053963 0.680531946037
0.00312481537679 0.996875184623
0.0322365625909 0.967763437409
0.290093095134 0.709906904866
0.175047137952 0.824952862048
0.00197330387576 0.998026696124
2.35531544176e-06 0.999997644685
0.074470475099 0.925529524901
0.00919464496406 0.990805355036
0.654623751299 0.345376248701/
0.00412087858221 0.995879121418
0.00223751490053 0.997762485099
0.186464687837 0.813535312163
0.0274724120231 0.972527587977
0.0488517777246 0.951148222275
0.00186252360423 0.998137476396
4.55792354157e-05 0.999954420765
0.358151589598 0.641848410402
0.145844574353 0.854155425647
0.025560732907 0.974439267093
0.218324345132 0.781675654868
0.0444647370334 0.955535262967
0.035861286287 0.964138713713
0.507394455763 0.492605544237/
0.0144137224271 0.985586277573
0.200517568262 0.799482431738
0.499232037074 0.500767962926
0.000422577117949 0.999577422882
0.0421847363314 0.957815263669
0.4408194952 0.5591805048
0.0397309953639 0.960269004636
0.00132355491569 0.998676445084
0.00736835420007 0.9926316458
0.701492164641 0.298507835359/
0.4408194952 0.5591805048
0.00688736740584 0.993112632594
0.00335665694479 0.996643343055
0.999171552875 0.000828447124647/
0.0198517210007 0.980148278999
0.0720835903965 0.927916409604
0.0314793749561 0.968520625044
0.0400391452385 0.959960854761
8.69799949969e-07 0.9999991302
0.171186040838 0.828813959162
0.369328855099 0.630671144901
0.000875242387765 0.999124757612
0.00320332509802 0.996796674902
0.606725189672 0.393274810328/
0.00306587869233 0.996934121308
0.590518944728 0.409481055272/
0.000769882271699 0.999230117728
0.0911044955988 0.908895504401
0.00223119018665 0.997768809813
0.301649014927 0.698350985073
0.0279639001741 0.972036099826
1.35015327901e-07 0.999999864985
0.226577378378 0.773422621622
0.00223119018665 0.997768809813
0.931800389593 0.0681996104074
0.630015715183 0.369984284817
0.0018840392497 0.99811596075/
0.0790979446034 0.920902055397/
0.993456271658 0.00654372834192
0.000429634976504 0.999570365023/
0.999994109721 5.89027927453e-06
0.395700648171 0.604299351829/
0.999999887244 1.12755595842e-07
0.997712813452 0.00228718654809
0.999772558267 0.000227441733034
0.999691046501 0.000308953499467
0.650886592073 0.349113407927
0.998854519337 0.00114548066307
0.999996184503 3.81549727275e-06
0.99376002063 0.00623997937049
0.959688780032 0.0403112199681
0.999995888246 4.11175441445e-06
0.496394670087 0.503605329913/
0.99894314074 0.00105685926012
0.999210036676 0.000789963323505
0.999753931396 0.000246068604193
0.98280851213 0.0171914878695
0.999999943242 5.67584824132e-08
0.743628737656 0.256371262344
0.98210157734 0.0178984226604
0.179366538355 0.820633461645/
0.999999634337 3.65663235019e-07
0.829329629052 0.170670370948
0.932298860317 0.0677011396831
0.996601214704 0.00339878529559
0.999628626583 0.000371373416947
0.37166829503 0.62833170497/
0.407932710329 0.592067289671/
0.999999947873 5.212661609e-08
0.292034363281 0.707965636719/
0.898539386432 0.101460613568
0.671197424951 0.328802575049
0.989430546961 0.0105694530392
0.983359524967 0.0166404750328
0.988617545687 0.0113824543133
0.896912821207 0.103087178793
0.867995751918 0.132004248082
0.96639699051 0.0336030094905
0.773654435084 0.226345564916
0.998980068124 0.00101993187627
0.995172756591 0.0048272434093
0.990617638201 0.00938236179927
0.888055616581 0.111944383419
0.941681766844 0.0583182331562
0.987116163559 0.0128838364414
0.999998835239 1.16476102752e-06
0.771515725064 0.228484274936
0.72266880604 0.27733119396
0.999995928025 4.07197497982e-06
0.673802520586 0.326197479414
0.997857536079 0.00214246392143
0.998006695154 0.00199330484582
0.999997871804 2.12819572512e-06
0.99596699518 0.00403300481955
0.999999040354 9.59646442598e-07
0.836551917744 0.163448082256
0.918151868114 0.0818481318858
0.999750438009 0.000249561990557
0.999769649684 0.000230350316127
0.4408194952 0.5591805048/
0.853783061128 0.146216938872
0.370479134483 0.629520865517/
0.998556736843 0.00144326315705
0.965860190727 0.0341398092725
0.885744934641 0.114255065359
0.705879866454 0.294120133546
0.967061817058 0.0329381829416
0.97488657109 0.0251134289103
0.813093324308 0.186906675692
0.839015534051 0.160984465949
0.647467547348 0.352532452652
0.999122996193 0.00087700380726
0.99999962731 3.72689598664e-07
0.72099968403 0.27900031597
0.0324225398369 0.967577460163/
0.978331512293 0.0216684877069
0.751308846906 0.248691153094
0.989393908759 0.010606091241
0.966982992927 0.0330170070734
0.999936023888 6.39761118734e-05
0.881763076552 0.118236923448
0.844532328832 0.155467671168
0.924047174822 0.075952825178
0.997052097233 0.00294790276713
0.997879002615 0.00212099738468
0.30912357196 0.69087642804/
0.17572155751 0.82427844249/
0.999807452499 0.000192547500729
0.884490461206 0.115509538794
0.948379232847 0.0516207671529
0.599964978888 0.400035021112
0.999468772081 0.000531227918923
0.990916096921 0.0090839030793
0.705879866454 0.294120133546
0.949706982398 0.0502930176017
0.8485933051 0.1514066949
0.874001010285 0.125998989715
0.939282060994 0.0607179390058
0.960985533386 0.0390144666141
0.985623014438 0.014376985562
0.999994158942 5.84105835689e-06
0.999039540131 0.000960459868807
0.99975344526 0.00024655474037
0.99980697543 0.000193024569916
0.99532718205 0.00467281795001
0.87807755944 0.12192244056
0.855154947586 0.144845052414
0.996145992834 0.00385400716597
0.723003829457 0.276996170543
0.99967778272 0.000322217280218
0.976887087624 0.023112912376
0.944859578756 0.0551404212441
0.070824176752 0.929175823248/
0.263207525219 0.736792474781/
0.886010997851 0.113989002149
0.996390239164 0.00360976083628
0.972948085182 0.0270519148181
0.998132325139 0.00186767486142
0.972874936911 0.0271250630889
0.99482260155 0.00517739844975
0.380719534851 0.619280465149/
0.98368096822 0.0163190317801
0.794966470327 0.205033529673
0.75057988623 0.24942011377
0.999916418652 8.35813475291e-05
0.997049034291 0.00295096570874
0.999968350393 3.16496072576e-05
0.999999999979 2.12090755874e-11
0.74792968726 0.25207031274
0.999277891728 0.000722108272039
0.927625570426 0.0723744295736
0.4408194952 0.5591805048/
0.4408194952 0.5591805048/
0.986155553355 0.0138444466453
0.985383430747 0.0146165692527
0.997758616202 0.00224138379816
0.999711247921 0.00028875207917
0.857174193377 0.142825806623
0.993749957091 0.00625004290893
0.980257023269 0.0197429767308
0.4408194952 0.5591805048/
0.999998995948 1.00405196473e-06
0.999990179798 9.82020156161e-06
0.99999444015 5.55985019439e-06
0.999999606197 3.93803193863e-07
0.0616356065713 0.938364393429/
0.999713300519 0.000286699481491
0.725367641917 0.274632358083
0.993732989936 0.00626701006419
0.682665890796 0.317334109204
0.997185360511 0.00281463948921
0.705879866454 0.294120133546
0.957676064852 0.0423239351484
0.996997681389 0.00300231861128
0.999988520431 1.14795690386e-05
0.537005214877 0.462994785123
0.986745745551 0.0132542544489
0.994302747819 0.00569725218118
0.447400707733 0.552599292267/
0.999999848241 1.51759421439e-07
0.999963762145 3.62378549925e-05
0.999999953675 4.63247672056e-08
0.714352886295 0.285647113705
0.998657019019 0.00134298098126
0.999993485215 6.51478528731e-06
0.974317096348 0.0256829036521
0.996325740939 0.00367425906132
0.229874342247 0.770125657753/
0.999999992306 7.6936257292e-09
0.998422376683 0.00157762331659
0.662126224631 0.337873775369
0.994453788033 0.00554621196677
0.995782193174 0.00421780682556
0.357233300797 0.642766699203/
0.57308457699 0.42691542301
0.867995751918 0.132004248082
0.999746539847 0.000253460153327
0.929400094079 0.0705999059211
0.986160666861 0.0138393331392
0.999980621348 1.9378652155e-05
0.504538931237 0.495461068763
0.996850135085 0.00314986491521
0.995009384614 0.00499061538583
0.999964747844 3.52521564289e-05
0.992385734396 0.00761426560422
0.983322574521 0.0166774254785
0.999817466957 0.000182533043269
0.999079200399 0.00092079960125
0.985511379186 0.0144886208141
0.00355975005075 0.996440249949/
0.888055616581 0.111944383419
0.999937547348 6.24526523058e-05
0.966303458223 0.0336965417773
0.996300378265 0.00369962173515
0.89815231219 0.10184768781
0.999965099954 3.49000462103e-05
0.959264390977 0.0407356090227
0.877366840936 0.122633159064
0.999759233974 0.000240766025629
0.900095061127 0.0999049388734
0.99799877987 0.00200122013001
0.340649604142 0.659350395858/
0.999479383464 0.000520616536284
0.961870335577 0.0381296644228
0.845414282445 0.154585717555
0.4408194952 0.5591805048/
0.856825298447 0.143174701553
0.867995751918 0.132004248082
0.999998564661 1.43533869114e-06
0.000671198873513 0.999328801126/
0.999993948211 6.05178867588e-06
0.799000696112 0.200999303888
0.966164654459 0.0338353455412
0.806085348987 0.193914651013
0.982951487877 0.0170485121226
0.979229504402 0.020770495598
0.626581267448 0.373418732552
0.973159632376 0.0268403676239
0.370479134483 0.629520865517/
0.999691181676 0.000308818323857
0.633938164138 0.366061835862
0.783794056021 0.216205943979
0.571130821137 0.428869178863
0.913952287252 0.0860477127484
0.266272961378 0.733727038622/
0.929449730085 0.0705502699154
0.998861732065 0.00113826793473
0.989058580132 0.0109414198677
0.170098103328 0.829901896672/
0.4408194952 0.5591805048/
0.93102175433 0.0689782456704
0.999999969375 3.06250928548e-08
0.987617507707 0.0123824922929
0.989840345482 0.010159654518
0.998391217675 0.00160878232541
0.999015644061 0.000984355939076
0.974209539002 0.0257904609977
0.983464156154 0.0165358438458
0.876577146541 0.123422853459
0.966740961721 0.0332590382787
0.979273460883 0.0207265391166
0.999766613298 0.00023338670244
0.979221526821 0.0207784731793
0.999949189483 5.08105168856e-05
0.796910046312 0.203089953688
0.376326216956 0.623673783044/
0.608295274343 0.391704725657
0.14928611222 0.85071388778/
0.864505443561 0.135494556439
0.999789927557 0.000210072442995
0.957676064852 0.0423239351484
0.888055616581 0.111944383419
0.99999993137 6.86296184465e-08
0.993177530893 0.00682246910713
0.927579882917 0.0724201170828
0.694574691744 0.305425308256
0.997889456841 0.00211054315922
0.927064497813 0.072935502187
0.999938151967 6.18480329282e-05
0.956015135385 0.0439848646147
0.995559035481 0.00444096451878
0.995481729783 0.00451827021714
0.999716320908 0.000283679091808
0.93796170602 0.0620382939802
0.4408194952 0.5591805048/
0.999988527852 1.14721484941e-05
0.60126549739 0.39873450261
0.928804563233 0.0711954367667
0.995836405695 0.00416359430483
0.56027116615 0.43972883385
0.999689857491 0.000310142509283
0.725565963105 0.274434036895
0.994194274043 0.00580572595711
0.666145386357 0.333854613643
0.999999998622 1.37756903379e-09
0.768611286438 0.231388713562
0.999999563445 4.36555330853e-07
0.999985270605 1.4729394502e-05
0.997025028868 0.00297497113182
0.91516088588 0.0848391141201
0.999999814687 1.85313036384e-07
0.999928325181 7.16748193468e-05
0.695123653592 0.304876346408
0.988412279607 0.0115877203929
0.990583674372 0.0094163256275
0.999999796214 2.03786437436e-07
0.98250978907 0.0174902109295
0.949093837821 0.0509061621794
0.995017024293 0.00498297570684
0.999999998197 1.80254295618e-09
0.726709061214 0.273290938786
0.99924079648 0.000759203519604
0.671760868945 0.328239131055
0.999938186893 6.18131070442e-05
0.999020729793 0.000979270207489
0.891440224056 0.108559775944
0.998585990038 0.00141400996234
0.532790396974 0.467209603026
0.401660791066 0.598339208934/
0.141966395019 0.858033604981/
0.999999076571 9.23429480275e-07
0.693491682957 0.306508317043
0.306693446801 0.693306553199/
0.741571282046 0.258428717954
0.998147048493 0.00185295150717
0.0746875188974 0.925312481103/
0.805933697971 0.194066302029
0.630015715183 0.369984284817
0.779124299552 0.220875700448
0.699661013326 0.300338986674
0.998350109576 0.00164989042385
0.412541364118 0.587458635882/
0.99999911597 8.84030316876e-07
0.603133013689 0.396866986311
0.4408194952 0.5591805048/
0.867109534781 0.132890465219
0.4408194952 0.5591805048
0.337344892704 0.662655107296/
0.975978342586 0.0240216574141
0.999998562702 1.43729752744e-06
0.998472153269 0.00152784673088
0.81877350032 0.18122649968
0.156211411344 0.843788588656/
0.818922475899 0.181077524101
0.978805420219 0.0211945797813
0.959719732891 0.0402802671094
0.948819191879 0.0511808081205
0.999661968893 0.000338031106606
0.997201119932 0.00279888006796
0.375634854859 0.624365145141/
0.883169607642 0.116830392358
0.956304814133 0.0436951858669
0.998460036601 0.00153996339916
0.357636750625 0.642363249375/
0.993743693269 0.00625630673058
0.0193874176019 0.980612582398/
0.595152739811 0.404847260189
0.705879866454 0.294120133546
0.999858890532 0.000141109467645
0.170022313951 0.829977686049/
0.550826903268 0.449173096732
0.999799016207 0.000200983792613
0.999968587468 3.14125324693e-05
0.861945131399 0.138054868601
0.972857674708 0.0271423252916
0.619790211733 0.380209788267
0.888055616581 0.111944383419
0.881810241881 0.118189758119
0.929811955353 0.0701880446474
0.896865781119 0.103134218881
0.998749194676 0.00125080532393
0.88417920978 0.11582079022
0.903133093853 0.0968669061468
0.998017650252 0.001982349748
0.999660778146 0.000339221853793
0.92384245583 0.0761575441704
0.616020263405 0.383979736595
0.990282487788 0.00971751221213
0.999994833919 5.16608057013e-06
0.977623333403 0.0223766665972
0.998534416461 0.00146558353889
0.9999999399 6.01003967339e-08
0.973968747878 0.0260312521218
0.929578149603 0.0704218503965
0.997871756265 0.00212824373535
0.578910303418 0.421089696582
0.972611527991 0.027388472009
0.851281254591 0.148718745409
0.633201851568 0.366798148432
0.914790673653 0.0852093263471
0.960399555763 0.0396004442365
0.513302233789 0.486697766211
0.990610452144 0.00938954785598
0.885041127829 0.114958872171
0.995627446002 0.00437255399845
0.996926729314 0.00307327068649
0.989087591257 0.0109124087432
0.806253795933 0.193746204067
0.180167493863 0.819832506137/
0.608406050158 0.391593949842
0.497140478241 0.502859521759/
0.999896781546 0.000103218454338
0.983869719129 0.0161302808705
0.999913396087 8.66039131154e-05
0.990842271764 0.00915772823589
0.888055616581 0.111944383419
0.990940154441 0.00905984555867
0.613557617893 0.386442382107
0.4408194952 0.5591805048/
0.357636750625 0.642363249375/
0.999999989436 1.05635906401e-08
0.999893230673 0.000106769326805
0.999899207544 0.000100792455601
0.878189091687 0.121810908313
0.828413126328 0.171586873672
0.4408194952 0.5591805048/
0.100906407024 0.899093592976/
0.999991840443 8.15955653736e-06
0.952356356101 0.0476436438994
0.705879866454 0.294120133546
0.902620454155 0.097379545845
0.0328816930006 0.967118306999/
0.999992006868 7.99313232919e-06
0.637788906272 0.362211093728
0.989342079613 0.0106579203873
0.522050835087 0.477949164913
0.357636750625 0.642363249375/
0.181506490444 0.818493509556/
0.173235100856 0.826764899144/
0.999999938597 6.14027233546e-08
0.0709930351043 0.929006964896/
0.884196792562 0.115803207438
0.939497241291 0.0605027587092
0.440848518184 0.559151481816/
0.99648029976 0.00351970024022
0.999469218206 0.000530781794051
0.912998949225 0.0870010507754
0.98716034201 0.0128396579901
0.999999914926 8.50738753683e-08
0.974339303672 0.0256606963279
0.595152739811 0.404847260189
0.999900497587 9.95024131718e-05
0.77365653233 0.22634346767
0.996107597213 0.00389240278739
0.998948006909 0.00105199309068
0.0094484378649 0.990551562135/
0.980585826846 0.0194141731545
0.999853479569 0.00014652043142
0.990641541542 0.00935845845815
0.993012616277 0.00698738372266
0.999729146269 0.00027085373078
0.999830279477 0.000169720523163
0.999750616669 0.000249383331375
0.974515663983 0.0254843360167
0.630015715183 0.369984284817
0.630015715183 0.369984284817
0.4408194952 0.5591805048/
0.967682830875 0.032317169125
0.999721233307 0.000278766693432
0.999776149712 0.000223850287837
0.95678947922 0.04321052078
0.992939355999 0.00706064400112
0.964240189948 0.0357598100516
0.941552864389 0.0584471356112
0.999999790792 2.09208379989e-07
0.999999869422 1.30577730351e-07
0.999973714691 2.6285308662e-05
0.762168078711 0.237831921289
0.745920574559 0.254079425441
0.999648163798 0.000351836201945
0.999989531841 1.04681593742e-05
0.868445725916 0.131554274084
0.140068632618 0.859931367382/
0.00148104957366 0.998518950426/
0.179736410424 0.820263589576/
0.999592379012 0.000407620987917
0.00860909187634 0.991390908124/
0.0175985122201 0.98240148778/
0.999993788908 6.21109227741e-06
0.246558698443 0.753441301557/
0.747762100791 0.252237899209
0.996998864876 0.00300113512412
0.999999673017 3.26982776371e-07
0.990684209399 0.00931579060088
0.993608204524 0.00639179547572
0.969737500539 0.0302624994608
0.999960061927 3.99380730772e-05
0.47631786807 0.52368213193/
0.99997090177 2.90982299588e-05
0.992248981934 0.00775101806598
0.999968689502 3.13104984505e-05
0.999997733819 2.26618135627e-06
0.997928755234 0.00207124476642
0.938002710796 0.0619972892043
0.999999827437 1.72563348713e-07
0.974174416821 0.0258255831793
0.360372308112 0.639627691888
0.938992794023 0.0610072059768
0.847652667544 0.152347332456
0.4408194952 0.5591805048/
0.294756480406 0.705243519/594
0.705879866454 0.294120133546
0.99999994068 5.93200784556e-08
0.991590471133 0.00840952886687
0.888055616581 0.111944383419
0.996286377997 0.00371362200288
0.999997902658 2.09734227936e-06
0.999994021448 5.97855167943e-06
0.543577465095 0.456422534905
0.00698231161266 0.993017688387
0.939469299444 0.0605307005555
0.705879866454 0.294120133546
0.984406936801 0.0155930631992
0.984454683793 0.0155453162071
0.990815307075 0.00918469292506
0.999931315436 6.86845642527e-05
0.827846317672 0.172153682328
0.967612779268 0.0323872207319
0.999999573795 4.26205397064e-07
0.999999012464 9.87535918339e-07
0.888906279395 0.111093720605
0.99972319235 0.000276807649553
0.867995751918 0.132004248082
0.953961273121 0.0460387268792
0.568382323774 0.431617676226
0.999983153353 1.68466470084e-05
0.999999988402 1.15983761237e-08
0.999098887327 0.000901112673121
0.997870963628 0.00212903637202
0.93127725401 0.0687227459903
0.999814716695 0.000185283304716
0.999999747569 2.52430904052e-07
0.90672414336 0.0932758566396
0.999875723579 0.000124276421293
0.595152739811 0.404847260189
0.992759300451 0.00724069954945
0.976322950829 0.0236770491706
0.998644915353 0.00135508464675
0.999994649715 5.35028539389e-06
0.867995751918 0.132004248082
0.999983992361 1.600763945e-05
0.759788649428 0.240211350572
0.0877533294982 0.912246670502
0.867620787892 0.132379212108
0.875476660708 0.124523339292
0.947272691777 0.052727308223
0.862703392329 0.137296607671
0.861230396463 0.138769603537
0.888055616581 0.111944383419
0.998012755705 0.00198724429528
0.898539386432 0.101460613568
0.999991385655 8.61434451392e-06
0.691278763428 0.308721236572
0.719004533561 0.280995466439
0.999797539836 0.000202460164031
0.999991077711 8.92228914601e-06
0.965724559993 0.0342754400071
0.702520105361 0.297479894639
0.971325420065 0.0286745799354
0.999818106513 0.000181893486589
0.994420653272 0.00557934672783
0.999999994258 5.74223816594e-09
0.18748415812 0.81251584188/
0.999965753734 3.42462662104e-05
0.99999999998 1.98091731329e-11
0.990672804037 0.00932719596329
0.98884795356 0.01115204644
0.99530803653 0.0046919634702
0.999999971829 2.8171463601e-08
0.999999051696 9.48304306981e-07
0.801483807621 0.198516192379
0.535172172432 0.464827827568
0.61568773242 0.38431226758
0.564936928704 0.435063071296
0.64117507623 0.35882492377
0.997343355611 0.00265664438855
0.997359840414 0.00264015958613
0.945562009254 0.0544379907459
0.97528547286 0.02471452714
0.617543646099 0.382456353901
0.687281624751 0.312718375249
0.756532904235 0.243467095765
0.16147252064 0.83852747936/
0.997189928795 0.00281007120498
0.96942239785 0.0305776021504
0.999452739409 0.000547260591439
0.88716586924 0.11283413076
0.999922675403 7.73245968431e-05
0.782821351255 0.217178648745
0.992449012666 0.00755098733364
0.68650162241 0.31349837759
