0.201373127273 0.798626872727
0.551875141469 0.448124858531/
0.772938517018 0.227061482982/
0.332432435046 0.667567564954
0.0258683676811 0.974131632319
0.348730822647 0.651269177353
0.00145013555549 0.998549864445
0.000123112173514 0.999876887826
0.192815900155 0.807184099845
0.667459297446 0.332540702554/
0.125235156414 0.874764843586
0.192020743102 0.807979256898
0.247133117623 0.752866882377
0.0356462063851 0.964353793615
0.245009936825 0.754990063175
0.00497522869782 0.995024771302
0.646636047293 0.353363952707/
0.240592127596 0.759407872404
0.388851193319 0.611148806681
0.0205984812005 0.9794015188
0.119253078042 0.880746921958
0.0511607682354 0.948839231765
0.350027667661 0.649972332339
0.0948503599393 0.905149640061
0.0235750283263 0.976424971674
0.333034754356 0.666965245644
0.000214316582662 0.999785683417
0.206664368793 0.793335631207
0.00132116502155 0.998678834978
0.00874020780999 0.99125979219
0.388851193319 0.611148806681
0.260239479241 0.739760520759
0.0245783619897 0.97542163801
0.0619772960975 0.938022703903
0.20557172071 0.79442827929
0.6588771719 0.3411228281/
0.625710111989 0.374289888011/
0.0378227925178 0.962177207482
0.188802902589 0.811197097411
0.146612024081 0.853387975919
0.594060375428 0.405939624572/
0.442567706041 0.557432293959
0.00439212260818 0.995607877392
0.169811325076 0.830188674924
0.0287687577563 0.971231242244
0.00515027607318 0.994849723927
0.0155754273971 0.984424572603
0.481373534459 0.518626465541
0.0187605838538 0.981239416146
0.442567706041 0.557432293959
0.0165974292488 0.983402570751
0.000509426884529 0.999490573115
0.00316902644876 0.996830973551
0.38860272643 0.61139727357
0.59391996571 0.40608003429/
0.0867105207413 0.913289479259
0.432695714556 0.567304285444
0.106352340478 0.893647659522
0.0066343839285 0.993365616071
0.149735442978 0.850264557022
0.466720887547 0.533279112453
0.127748856835 0.872251143165
0.00973649545051 0.990263504549
0.0435997485211 0.956400251479
0.0252785664042 0.974721433596
0.280579099208 0.719420900792
0.000283608092303 0.999716391908
0.748179292931 0.251820707069/
0.0492842641862 0.950715735814
8.00064627406e-05 0.999919993537
0.00567161741229 0.994328382588
0.0817178512039 0.918282148796
0.174788549624 0.825211450376
0.13177317547 0.86822682453
0.0109000458352 0.989099954165
0.212606835392 0.787393164608
0.542065031142 0.457934968858/
0.541618419947 0.458381580053/
0.0286387479223 0.971361252078
0.247266341832 0.752733658168
0.356172039257 0.643827960743
0.364613228604 0.635386771396
0.00467217954952 0.99532782045
0.461361472735 0.538638527265
0.00440416386302 0.995595836137
0.0471636731547 0.952836326845
0.467500675594 0.532499324406
0.630822860327 0.369177139673/
0.223975779952 0.776024220048
0.0990910169714 0.900908983029
0.227883207458 0.772116792542
0.103811694292 0.896188305708
0.185177361915 0.814822638085
0.118595842884 0.881404157116
0.372121988545 0.627878011455
0.45599680183 0.54400319817
0.284797980454 0.715202019546
0.208603329651 0.791396670349
0.226003372159 0.773996627841
0.219746736804 0.780253263196
0.0118186366975 0.988181363302
0.352911552781 0.647088447219
0.144714463241 0.855285536759
0.533197566334 0.466802433666/
0.0434960145129 0.956503985487
0.145794856819 0.854205143181
0.0548030735714 0.945196926429
0.525255501087 0.474744498913/
0.388851193319 0.611148806681
0.000348460207914 0.999651539792
0.169955189775 0.830044810225
0.0239451082778 0.976054891722
0.000221365931462 0.999778634069
0.301499602423 0.698500397577
0.023669126375 0.976330873625
0.0357233859786 0.964276614021
0.0356462063851 0.964353793615
0.533681597789 0.466318402211/
0.0768189107249 0.923181089275
0.2095466302 0.7904533698
0.62523932146 0.37476067854/
0.326816964104 0.673183035896
0.024369105743 0.975630894257
0.388851193319 0.611148806681
0.388851193319 0.611148806681
0.00224361283521 0.997756387165
0.319450560587 0.680549439413
0.0542080372372 0.945791962763
0.0356462063851 0.964353793615
0.165076768339 0.834923231661
0.42854182109 0.57145817891
0.314687537857 0.685312462143
0.111371191647 0.888628808353
0.677787740188 0.322212259812/
0.323217470179 0.676782529821
0.932706879528 0.0672931204717/
0.0625722359246 0.937427764075
0.0155203077087 0.984479692291
0.0181959075453 0.981804092455
0.388851193319 0.611148806681
0.0787672876313 0.921232712369
0.48304408325 0.51695591675
0.291450937767 0.708549062233
0.0391877633552 0.960812236645
0.309080973905 0.690919026095
0.440082842111 0.559917157889
0.0186381512745 0.981361848725
0.00210962332934 0.997890376671
0.174689975901 0.825310024099
0.0242325931897 0.97576740681
0.259645241018 0.740354758982
0.0504029424757 0.949597057524
0.00592705173926 0.994072948261
0.903290792015 0.0967092079846/
0.234006253994 0.765993746006
0.0647236810365 0.935276318963
0.111371191647 0.888628808353
0.00093256642618 0.999067433574
0.0265146525468 0.973485347453
0.000326357730131 0.99967364227
0.0372692912949 0.962730708705
0.543153130259 0.456846869741/
0.790653594706 0.209346405294/
0.0189002530878 0.981099746912
0.0175527230606 0.982447276939
0.00945533335059 0.990544666649
0.303969721475 0.696030278525
0.195729275838 0.804270724162
0.562629194026 0.437370805974/
0.0617433990328 0.938256600967
0.785961635432 0.214038364568/
0.190236996588 0.809763003412
0.418682481048 0.581317518952
0.0797880345901 0.92021196541
0.00986935855859 0.990130641441
0.299562872857 0.700437127143
0.105913608764 0.894086391236
0.366273652391 0.633726347609
0.0839182808179 0.916081719182
0.0228510718165 0.977148928184
0.726259192217 0.273740807783/
0.275644430979 0.724355569021
0.359725415552 0.640274584448
0.0305352028581 0.969464797142
0.654652539642 0.345347460358/
0.037538179114 0.962461820886
0.388851193319 0.611148806681
0.160347722877 0.839652277123
0.20557172071 0.79442827929
0.388851193319 0.611148806681
0.617717810593 0.382282189407/
0.0786120017089 0.921387998291
0.171995098032 0.828004901968
0.172729936708 0.827270063292
0.156594950498 0.843405049502
0.670985720066 0.329014279934/
0.0543721479296 0.94562785207
0.0703061701395 0.929693829861
0.447592465574 0.552407534426
0.146372094791 0.853627905209
0.482608080768 0.517391919232
0.673137785203 0.326862214797/
0.0340516626668 0.965948337333
0.0758294023511 0.924170597649
0.0141036191844 0.985896380816
0.243504051502 0.756495948498
0.204609045373 0.795390954627
0.000832233403867 0.999167766596
0.0590461146772 0.940953885323
0.247133117623 0.752866882377
0.363782415367 0.636217584633
0.725168080165 0.274831919835/
0.0867564837983 0.913243516202
0.35753525556 0.64246474444
0.15413301062 0.84586698938
0.00755445479827 0.992445545202
0.111371191647 0.888628808353
0.190045612648 0.809954387352
0.0868234256104 0.91317657439
0.0635679226678 0.936432077332
0.634891049355 0.365108950645/
0.847674783065 0.152325216935/
0.359725415552 0.640274584448
0.0480366476254 0.951963352375
0.19725858185 0.80274141815
0.0970734759639 0.902926524036
0.354754556587 0.645245443413
0.0504410067728 0.949558993227
0.12897786004 0.87102213996
0.12509715818 0.87490284182
0.356091163167 0.643908836833
0.0035746079832 0.996425392017
0.0239835334881 0.976016466512
0.167530321757 0.832469678243
0.000741187935221 0.999258812065
0.407746468245 0.592253531755
0.0713016532412 0.928698346759
0.0693635838699 0.93063641613
0.0288675609912 0.971132439009
0.930173563061 0.0698264369394
0.280918552749 0.719081447251
0.0124333008793 0.987566699121
0.161846733995 0.838153266005
0.0825556364422 0.917444363558
0.560560068828 0.439439931172/
0.781232981446 0.218767018554/
0.125731766359 0.874268233641
0.226660122049 0.773339877951
0.290789532503 0.709210467497
0.238767894661 0.761232105339
0.21459999717 0.78540000283
0.1244023068 0.8755976932
0.444170679843 0.555829320157
0.000337664585664 0.999662335414
0.0609519344973 0.939048065503
0.327555108882 0.672444891118
0.00346854450756 0.996531455492
0.334529915645 0.665470084355
0.604256417276 0.395743582724/
0.649248557107 0.350751442893/
0.146825083489 0.853174916511
0.0235433842652 0.976456615735
0.834090958003 0.165909041997/
0.241745131641 0.758254868359
0.000416198322029 0.999583801678
0.580203932836 0.419796067164/
0.111371191647 0.888628808353
0.0806879373962 0.919312062604
0.380946823974 0.619053176026
0.388851193319 0.611148806681
0.0648210224868 0.935178977513
0.0356462063851 0.964353793615
0.413407930992 0.586592069008
0.0663904545925 0.933609545408
0.219593897848 0.780406102152
0.124781553534 0.875218446466
0.694180963463 0.305819036537/
0.525255501087 0.474744498913/
0.0430331598757 0.956966840124
0.124252557634 0.875747442366
0.140049738929 0.859950261071
0.525255501087 0.474744498913/
0.0125712164472 0.987428783553
0.206583915613 0.793416084387
0.0480366476254 0.951963352375
0.0214299018059 0.978570098194
0.388851193319 0.611148806681
0.148599879763 0.851400120237
0.115504734962 0.884495265038
0.00669795395577 0.993302046044
0.263527237704 0.736472762296
0.701438007298 0.298561992702/
0.348584789928 0.651415210072
0.415053868855 0.584946131145
0.141780179424 0.858219820576
0.016119319256 0.983880680744
0.00581493035585 0.994185069644
0.532752019571 0.467247980429/
0.00234022218095 0.997659777819
0.145670395149 0.854329604851
0.195132838019 0.804867161981
0.00655785200486 0.993442147995
0.00598649264282 0.994013507357
0.738400453782 0.261599546218/
0.0509408381292 0.949059161871
0.388851193319 0.611148806681
0.498065991288 0.501934008712
0.0359227172224 0.964077282778
0.772137190252 0.227862809748/
0.404369855953 0.595630144047
0.145670395149 0.854329604851
0.363537769182 0.636462230818
0.413407930992 0.586592069008
0.633231735479 0.366768264521/
0.0718083233317 0.928191676668
0.00310651733533 0.996893482665
0.00371274575697 0.996287254243
0.0156331156711 0.984366884329
0.240100628794 0.759899371206
0.0140480407441 0.985951959256
0.0527368100225 0.947263189977
0.0515388445806 0.948461155419
0.0610942087287 0.938905791271
0.780478097419 0.219521902581/
0.00324587882379 0.996754121176
0.00496655579648 0.995033444204
0.046029272824 0.953970727176
0.244564175276 0.755435824724
0.813173886231 0.186826113769/
0.250359170965 0.749640829035
0.0480366476254 0.951963352375
0.00380096893541 0.996199031065
0.182515802566 0.817484197434
0.0697248937076 0.930275106292
0.366273652391 0.633726347609
0.12694774543 0.87305225457
0.0945062418317 0.905493758168
0.359725415552 0.640274584448
0.0239856751559 0.976014324844
0.0039180803793 0.996081919621
0.13955850701 0.86044149299
0.185177361915 0.814822638085
0.029968831396 0.970031168604
0.0495718310775 0.950428168922
0.522131071201 0.477868928799/
0.0308793124738 0.969120687526
0.0999931464329 0.900006853567
0.388851193319 0.611148806681
0.108488262996 0.891511737004
0.0959981263096 0.90400187369
0.225723983229 0.774276016771
0.540905944166 0.459094055834/
0.197230741767 0.802769258233
0.0682560432842 0.931743956716
0.468012833232 0.531987166768
0.0193100133513 0.980689986649
0.0025358446437 0.997464155356
0.368833362651 0.631166637349
0.903367647324 0.0966323526759
0.0142165464517 0.985783453548
0.237854616938 0.762145383062
0.0232179290083 0.976782070992
0.447844694887 0.552155305113
0.487685207474 0.512314792526
0.459364281381 0.540635718619
0.256096434992 0.743903565008
0.260985080673 0.739014919327
0.00713650389065 0.992863496109
0.0291853922532 0.970814607747
0.240100628794 0.759899371206
0.283564395078 0.716435604922
0.0321499299616 0.967850070038
0.00142751950717 0.998572480493
0.334472321141 0.665527678859
0.0581098834983 0.941890116502
0.545230034279 0.454769965721/
0.012852735805 0.987147264195
0.0124800556142 0.987519944386
0.252552399209 0.747447600791
0.186170017678 0.813829982322
0.0819787574691 0.918021242531
0.005354315865 0.994645684135
0.00235030815 0.99764969185
0.310765649634 0.689234350366
0.130659167569 0.869340832431
0.0392411063778 0.960758893622
0.286451046513 0.713548953487
0.373077800688 0.626922199312
0.0700255176203 0.92997448238
0.266339177654 0.733660822346
0.053080381689 0.946919618311
0.305886005568 0.694113994432
0.240802810497 0.759197189503
0.0231745238088 0.976825476191
0.231124874277 0.768875125723
0.388851193319 0.611148806681
0.246527322209 0.753472677791
0.0153644811649 0.984635518835
0.0563537168164 0.943646283184
0.503897212371 0.496102787629/
0.388851193319 0.611148806681
0.124236836432 0.875763163568
0.0683922778592 0.931607722141
0.882321042474 0.117678957526/
0.105187295877 0.894812704123
0.163087053208 0.836912946792
0.333731869855 0.666268130145
0.0609519344973 0.939048065503
0.000838075498173 0.999161924502
0.261769103586 0.738230896414
0.281792291884 0.718207708116
0.213960730652 0.786039269348
0.0369914700139 0.963008529986
0.581576984843 0.418423015157/
0.00377128257202 0.996228717428
0.59246944714 0.40753055286/
0.0120141892108 0.987985810789
0.0867105207413 0.913289479259
0.00210411573108 0.997895884269
0.243504051502 0.756495948498
0.0771194725238 0.922880527476
0.000671412001283 0.999328587999
0.431157961618 0.568842038382
0.00210411573108 0.997895884269
0.522016158475 0.477983841525/
0.566230350967 0.433769649033
0.268216945455 0.731783054545/
0.241736692298 0.758263307702/
0.895368400842 0.104631599158
0.0461284647947 0.953871535205/
0.997169767046 0.00283023295357
0.231980692415 0.768019307585/
0.999925632869 7.43671307862e-05
0.986045872736 0.0139541272642
0.999492803736 0.000507196264425
0.974217474083 0.0257825259174
0.550906246946 0.449093753054
0.9937850908 0.00621490920034
0.999694462931 0.000305537068728
0.66334985162 0.33665014838
0.678407018491 0.321592981509
0.999885140642 0.000114859357541
0.701526688874 0.298473311126
0.993550455851 0.00644954414942
0.988710779281 0.0112892207192
0.994433792995 0.00556620700495
0.959053048246 0.0409469517541
0.999916731693 8.32683067393e-05
0.143347133736 0.856652866264/
0.989796894944 0.0102031050558
0.232184676371 0.767815323629/
0.998168062281 0.00183193771942
0.777830990615 0.222169009385
0.866342474335 0.133657525665
0.960544491099 0.0394555089011
0.970529266847 0.0294707331527
0.441631024772 0.558368975228/
0.206416562189 0.793583437811/
0.999952526161 4.74738393457e-05
0.315774723136 0.684225276864/
0.91857092564 0.0814290743603
0.706215795334 0.293784204666
0.915910108462 0.0840898915379
0.831902006657 0.168097993343
0.951989190486 0.0480108095143
0.639435148471 0.360564851529
0.879752834612 0.120247165388
0.782665169775 0.217334830225
0.904813185397 0.0951868146026
0.997025195814 0.00297480418573
0.972667876304 0.027332123696
0.861221164737 0.138778835263
0.886675213708 0.113324786292
0.963678884228 0.0363211157724
0.733454295985 0.266545704015
0.999119929955 0.000880070045117
0.66787312986 0.33212687014
0.646636047293 0.353363952707
0.999815668301 0.000184331699179
0.372596830569 0.627403169431/
0.97115553216 0.0288444678405
0.968942147447 0.0310578525528
0.99990014161 9.98583899151e-05
0.743993313368 0.256006686632
0.928489592522 0.071510407478
0.607572600566 0.392427399434
0.837045307592 0.162954692408
0.875878994817 0.124121005183
0.983822401381 0.0161775986192
0.388851193319 0.611148806681/
0.388977003597 0.611022996403/
0.364012241666 0.635987758334/
0.990668085661 0.00933191433912
0.916650148759 0.0833498512415
0.896959485096 0.103040514904
0.731214274733 0.268785725267
0.793713032779 0.206286967221
0.435217781344 0.564782218656/
0.777364956062 0.222635043938
0.451510665257 0.548489334743/
0.909299340996 0.0907006590044
0.966985523538 0.0330144764619
0.995389080587 0.00461091941282
0.731166760156 0.268833239844
0.116829951259 0.883170048741/
0.8659134888 0.1340865112
0.24546743255 0.75453256745/
0.856090150042 0.143909849958
0.894589377357 0.105410622643
0.998788836172 0.00121116382786
0.667850448063 0.332149551937
0.957274394175 0.0427256058251
0.966303341929 0.0336966580713
0.96650153806 0.0334984619399
0.998896829496 0.00110317050428
0.718486211679 0.281513788321
0.192055447542 0.807944552458/
0.998765343949 0.00123465605105
0.89830073672 0.10169926328
0.731719228972 0.268280771028
0.538403103103 0.461596896897
0.938070012602 0.0619299873977
0.909635160604 0.0903648393959
0.731214274733 0.268785725267
0.848947594562 0.151052405438
0.895046317319 0.104953682681
0.794381126106 0.205618873894
0.937186367702 0.0628136322982
0.967470861459 0.0325291385414
0.859110435846 0.140889564154
0.994833484555 0.00516651544537
0.919001878512 0.0809981214879
0.983736685961 0.0162633140387
0.988737795871 0.0112622041287
0.976863066326 0.0231369336741
0.87230187857 0.12769812143
0.638810592414 0.361189407586
0.821955365472 0.178044634528
0.368664116178 0.631335883822/
0.999826667893 0.000173332106957
0.948593751864 0.0514062481356
0.941356872652 0.0586431273476
0.228539133235 0.771460866765/
0.41362000783 0.58637999217/
0.803876244466 0.196123755534
0.994057186302 0.00594281369807
0.950054022819 0.0499459771811
0.975948685256 0.0240513147445
0.958026528698 0.0419734713025
0.979065537112 0.0209344628884
0.593801090643 0.406198909357
0.80823623199 0.19176376801
0.549369305963 0.450630694037
0.510999268659 0.489000731341
0.988139683949 0.0118603160513
0.994952503084 0.00504749691645
0.999697724074 0.000302275925801
0.999998668892 1.3311083028e-06
0.618475895635 0.381524104365
0.995804580067 0.00419541993291
0.691959970103 0.308040029897
0.388851193319 0.611148806681/
0.388851193319 0.611148806681/
0.958573517722 0.0414264822782
0.900536702019 0.0994632979815
0.904819063842 0.0951809361583
0.982045407594 0.0179545924058
0.729325900989 0.270674099011
0.929511235889 0.0704887641105
0.620422871232 0.379577128768
0.388851193319 0.611148806681/
0.998641624534 0.00135837546646
0.984771655861 0.0152283441394
0.990682538331 0.00931746166877
0.954876394198 0.0451236058022
0.435345341093 0.564654658907/
0.988015389998 0.0119846100022
0.53364405579 0.46635594421
0.997336555064 0.00266344493586
0.304798835489 0.695201164511/
0.911832212326 0.0881677876737
0.731214274733 0.268785725267
0.86436090827 0.13563909173
0.985361681065 0.0146383189348
0.999308136796 0.000691863203693
0.398139510126 0.601860489874/
0.986038983045 0.0139610169547
0.956200729387 0.0437992706134
0.278609411557 0.721390588443/
0.999957327937 4.26720633704e-05
0.996825636843 0.00317436315745
0.999835328953 0.000164671047268
0.250804000937 0.749195999063/
0.995013121362 0.00498687863816
0.997054995549 0.0029450044511
0.767781952634 0.232218047366
0.965574372964 0.0344256270363
0.235816325038 0.764183674962/
0.999996487538 3.51246221375e-06
0.959483464343 0.0405165356573
0.485269339459 0.514730660541/
0.907550792625 0.092449207375
0.987012704453 0.0129872955473
0.17986865788 0.82013134212/
0.578406503318 0.421593496682
0.879752834612 0.120247165388
0.973054883305 0.0269451166947
0.970356405454 0.0296435945459
0.904318048259 0.0956819517407
0.969700337018 0.0302996629821
0.544918455937 0.455081544063
0.993903417789 0.00609658221126
0.987631425839 0.0123685741606
0.992991614031 0.00700838596921
0.979138219969 0.0208617800312
0.940159403623 0.0598405963773
0.924021581301 0.0759784186991
0.983123950969 0.0168760490305
0.955570511613 0.0444294883871
0.0831861541885 0.916813845811/
0.886675213708 0.113324786292
0.997144655574 0.002855344426
0.788750450707 0.211249549293
0.979193625018 0.0208063749817
0.574877977897 0.425122022103
0.994963132714 0.0050368672857
0.948056351943 0.051943648057
0.333075382318 0.666924617682/
0.999562013783 0.000437986216872
0.707982981704 0.292017018296
0.993540434954 0.00645956504595
0.613689442508 0.386310557492
0.985854654267 0.0141453457329
0.892224728101 0.107775271899
0.686216489399 0.313783510601
0.388851193319 0.611148806681/
0.53396530713 0.46603469287
0.879752834612 0.120247165388
0.999641318959 0.000358681041304
0.0194172903661 0.980582709634/
0.996136331672 0.00386366832785
0.768258505811 0.231741494189
0.959791315476 0.0402086845241
0.682777100665 0.317222899335
0.938977870137 0.0610221298632
0.957103313214 0.0428966867858
0.377854579579 0.622145420421/
0.961013627308 0.0389863726921
0.364012241666 0.635987758334/
0.998882520745 0.00111747925461
0.81826754444 0.18173245556
0.544289576082 0.455710423918
0.499169922616 0.500830077384/
0.878354584269 0.121645415731
0.806402017489 0.193597982511
0.958365773321 0.0416342266785
0.998147156425 0.0018528435747
0.702706251481 0.297293748519
0.495165708448 0.504834291552/
0.388851193319 0.611148806681/
0.940986845646 0.0590131543541
0.999910903869 8.90961309368e-05
0.897525390262 0.102474609738
0.956147734895 0.0438522651055
0.920936641404 0.0790633585961
0.979809429979 0.0201905700208
0.95003420245 0.0499657975497
0.819137629426 0.180862370574
0.855378270185 0.144621729815
0.930898816901 0.0691011830989
0.859137214295 0.140862785705
0.929572729721 0.0704272702793
0.859434787524 0.140565212476
0.988331774452 0.0116682255477
0.746501355579 0.253498644421
0.374084258575 0.625915741425/
0.42405584402 0.57594415598/
0.276086693366 0.723913306634/
0.370204699685 0.629795300315/
0.990230599476 0.00976940052368
0.86436090827 0.13563909173
0.886675213708 0.113324786292
0.969945987161 0.0300540128391
0.92939422834 0.0706057716604
0.644264505995 0.355735494005
0.674636710683 0.325363289317
0.974535041065 0.0254649589348
0.773110119483 0.226889880517
0.9983250596 0.00167494040043
0.954632067048 0.0453679329517
0.997789718552 0.0022102814479
0.799579008379 0.200420991621
0.987154842206 0.012845157794
0.943558397362 0.056441602638
0.388851193319 0.611148806681/
0.999080446242 0.000919553757787
0.798105151312 0.201894848688
0.610717765828 0.389282234172
0.878238305799 0.121761694201
0.883342979148 0.116657020852
0.963115658207 0.0368843417925
0.383912672211 0.616087327789/
0.937918120471 0.0620818795291
0.64897742352 0.35102257648
0.999672351682 0.000327648317744
0.704158129149 0.295841870851
0.999040810813 0.000959189186916
0.997831136666 0.00216886333359
0.984295855352 0.015704144648
0.572028737425 0.427971262575
0.999305723101 0.000694276899275
0.999082387629 0.000917612371201
0.668367362066 0.331632637934
0.985870897846 0.0141291021541
0.966821893125 0.0331781068747
0.998309467463 0.00169053253734
0.966978525955 0.0330214740453
0.847118858913 0.152881141087
0.834193571584 0.165806428416
0.999977010014 2.29899862993e-05
0.194201468556 0.805798531444/
0.999106029297 0.000893970702534
0.588454034683 0.411545965317
0.985065682785 0.0149343172147
0.98763162972 0.0123683702799
0.679096998455 0.320903001545
0.993909009605 0.00609099039526
0.660029674327 0.339970325673
0.586682184837 0.413317815163
0.605464059392 0.394535940608
0.999053029345 0.000946970655289
0.776616720864 0.223383279136
0.315944287582 0.684055712418/
0.562983286639 0.437016713361
0.988175588283 0.011824411717
0.201084387282 0.798915612718/
0.353142026998 0.646857973002/
0.566230350967 0.433769649033
0.514682498856 0.485317501144
0.574689525827 0.425310474173
0.874966971496 0.125033028504
0.412131704923 0.587868295077/
0.999665966347 0.000334033652723
0.493985410918 0.506014589082/
0.388851193319 0.611148806681/
0.92780496173 0.0721950382702
0.388851193319 0.611148806681/
0.362967435271 0.637032564729/
0.909601092099 0.0903989079013
0.999732220783 0.000267779217331
0.937967346388 0.0620326536124
0.42912906657 0.57087093343/
0.614025683458 0.385974316542
0.786611372896 0.213388627104
0.950542694137 0.049457305863
0.882755221489 0.117244778511
0.455946127455 0.54405387254/5
0.969412625093 0.0305873749065
0.940509856869 0.0594901431309
0.602340781533 0.397659218467
0.881125325644 0.118874674356
0.907716776779 0.0922832232207
0.995645756353 0.00435424364668
0.359725415552 0.640274584448/
0.898449325317 0.101550674683
0.0111115666738 0.988888433326/
0.549002715169 0.450997284831
0.731214274733 0.268785725267
0.999551165499 0.000448834500699
0.0933498531061 0.906650146894/
0.708527992631 0.291472007369
0.997542942464 0.0024570575361
0.995974064061 0.00402593593895
0.981841354439 0.0181586455612
0.927807332975 0.0721926670255
0.71986958846 0.28013041154
0.886675213708 0.113324786292
0.586151253263 0.413848746737
0.54327112501 0.45672887499
0.527952730513 0.472047269487
0.991963139516 0.00803686048386
0.830514367484 0.169485632516
0.806157497641 0.193842502359
0.971462247889 0.0285377521115
0.997883778855 0.00211622114525
0.563345827795 0.436654172205
0.747413476572 0.252586523428
0.489684469932 0.510315530068/
0.97834894437 0.0216510556305
0.969676996711 0.0303230032892
0.986442626321 0.0135573736792
0.999277329202 0.000722670797919
0.598940680277 0.401059319723
0.858883395344 0.141116604656
0.9019973298 0.0980026701997
0.478609503816 0.521390496184/
0.947000405771 0.0529995942288
0.932559476318 0.0674405236819
0.468012833232 0.531987166768/
0.842963878572 0.157036121428
0.854122402848 0.145877597152
0.848534329374 0.151465670626
0.899876626573 0.100123373427
0.674703369259 0.325296630741
0.987399738106 0.0126002618935
0.71488727122 0.28511272878
0.843561602446 0.156438397554
0.80301449817 0.19698550183
0.335045375366 0.664954624634/
0.548622482092 0.451377517908
0.502172259911 0.497827740089
0.824324155758 0.175675844242
0.854678623281 0.145321376719
0.949107506141 0.0508924938586
0.967599783101 0.0324002168991
0.886675213708 0.113324786292
0.857925436488 0.142074563512
0.585641440649 0.414358559351
0.388851193319 0.611148806681/
0.359725415552 0.640274584448/
0.999941266552 5.87334475153e-05
0.998161651622 0.00183834837767
0.946609593645 0.053390406355
0.660548580931 0.339451419069
0.595420525287 0.404579474713
0.388851193319 0.611148806681/
0.022385779858 0.977614220142/
0.998475380291 0.00152461970857
0.718164406778 0.281835593222
0.731214274733 0.268785725267
0.965714392298 0.0342856077018
0.084694117266 0.915305882734/
0.997599461409 0.00240053859087
0.528362750455 0.471637249545
0.978061684174 0.0219383158257
0.754254936774 0.245745063226
0.359725415552 0.640274584448/
0.809261494712 0.190738505288
0.182921213671 0.817078786329/
0.999972080527 2.79194733718e-05
0.172366747289 0.827633252711/
0.787284672188 0.212715327812
0.812094568249 0.187905431751
0.121132509765 0.878867490235/
0.760366349661 0.239633650339
0.990895845933 0.00910415406719
0.579948080828 0.420051919172
0.949584978599 0.0504150214009
0.999763009265 0.000236990735235
0.977513068931 0.0224869310693
0.549002715169 0.450997284831
0.998356731175 0.00164326882512
0.468173739401 0.531826260599/
0.977903867059 0.0220961329414
0.978214269943 0.0217857300568
0.0408832918389 0.959116708161/
0.900552074164 0.0994479258359
0.974748816797 0.0252511832033
0.973864177315 0.0261358226855
0.963667314846 0.0363326851541
0.99921069331 0.000789306690015
0.902925567758 0.0970744322417
0.998542988991 0.00145701100884
0.894292933998 0.105707066002
0.566230350967 0.433769649033
0.566230350967 0.433769649033
0.388851193319 0.611148806681/
0.812700451102 0.187299548898
0.994530205902 0.00546979409843
0.998772576782 0.00122742321821
0.989999260477 0.0100007395229
0.985633520417 0.0143664795832
0.443613538128 0.556386461872/
0.787134157074 0.212865842926
0.999960015718 3.99842821189e-05
0.999551363659 0.000448636340962
0.997788535799 0.00221146420106
0.700610678608 0.299389321392
0.792267615276 0.207732384724
0.752946189659 0.247053810341
0.99922673769 0.000773262310081
0.786270816486 0.213729183514
0.131438284916 0.868561715084/
0.0371340424898 0.96286595751/
0.113275196871 0.886724803129/
0.902427533537 0.0975724664632
0.103239531008 0.896760468992/
0.0158331410191 0.984166858981
0.999653561748 0.000346438252305
0.114323368745 0.885676631255/
0.538017819436 0.461982180564
0.95896062934 0.0410393706598
0.999876530047 0.000123469952834
0.929082402764 0.070917597236
0.972086906455 0.0279130935455
0.980051271096 0.0199487289041
0.989800342486 0.0101996575138
0.337591876164 0.662408123836/
0.999122505844 0.000877494155562
0.973165412696 0.0268345873044
0.953873090158 0.0461269098417
0.999919862995 8.01370052598e-05
0.980676035485 0.0193239645147
0.654764793454 0.345235206546
0.999995613618 4.38638157152e-06
0.956841890528 0.0431581094716
0.239324782911 0.760675217089/
0.616872293074 0.383127706926
0.8337530827 0.1662469173
0.388851193319 0.611148806681
0.583762043049 0.416237956951
0.731214274733 0.268785725267
0.999940481087 5.95189129853e-05
0.963323064967 0.0366769350331
0.886675213708 0.113324786292
0.94071369138 0.0592863086201
0.999847241025 0.000152758974975
0.998451004137 0.00154899586261
0.165839773373 0.834160226627/
0.0805922983526 0.919407701647/
0.808041168577 0.191958831423
0.731214274733 0.268785725267
0.867727384235 0.132272615765
0.961649944696 0.0383500553036
0.939485276268 0.0605147237323
0.993709339797 0.00629066020318
0.798609186268 0.201390813732
0.757465222299 0.242534777701
0.999969397202 3.06027983168e-05
0.985476956484 0.0145230435162
0.777187565913 0.222812434087
0.993862207812 0.00613779218771
0.879752834612 0.120247165388
0.767526614456 0.232473385544
0.480833800242 0.519166199758/
0.997919875577 0.00208012442317
0.998635245182 0.00136475481807
0.977272882645 0.0227271173551
0.978038365617 0.0219616343832
0.888764350311 0.111235649689
0.895532534393 0.104467465607
0.999855993541 0.000144006459357
0.832742116719 0.167257883281
0.996867862536 0.00313213746369
0.549002715169 0.450997284831
0.93602858564 0.06397141436
0.941993548219 0.0580064517807
0.95312759488 0.0468724051199
0.999603598968 0.000396401032027
0.879752834612 0.120247165388
0.989474385659 0.0105256143412
0.54319380087 0.45680619913
0.633053492114 0.366946507886
0.821039005347 0.178960994653
0.703982424867 0.296017575133
0.717140999301 0.282859000699
0.844063918787 0.155936081213
0.747320776899 0.252679223101
0.886675213708 0.113324786292
0.935738838613 0.0642611613868
0.91857092564 0.0814290743603
0.999025285689 0.000974714311174
0.49526010375 0.50473989625/
0.0888793905055 0.911120609495/
0.922283696547 0.0777163034529
0.99792608975 0.00207391025028
0.990211461488 0.00978853851209
0.610159933678 0.389840066322
0.935026414797 0.0649735852026
0.977494326524 0.0225056734757
0.776725419424 0.223274580576
0.999993860063 6.13993734355e-06
0.390289441334 0.609710558666/
0.997420660947 0.00257933905332
0.999999548401 4.51598718088e-07
0.940229795819 0.0597702041812
0.955430445084 0.0445695549165
0.960699284677 0.039300715323
0.999969787798 3.02122017481e-05
0.98474254193 0.01525745807
0.992373035834 0.00762696416595
0.754255552528 0.245744447472
0.343810959432 0.656189040568/
0.266975620518 0.733024379482/
0.775886175164 0.224113824836
0.963386687484 0.0366133125165
0.953237871198 0.046762128802
0.889966181065 0.110033818935
0.983318265513 0.0166817344874
0.615667766648 0.384332233352
0.89691340054 0.10308659946
0.662819264117 0.337180735883
0.188195827125 0.811804172875/
0.98556865124 0.0144313487604
0.849214411792 0.150785588208
0.571100374074 0.428899625926
0.858451648881 0.141548351119
0.978347671337 0.0216523286633
0.573079469563 0.426920530437
0.896965486042 0.103034513958
0.579439933697 0.420560066303
