7.30888938812e-12 0.999999999993
5.11911686929e-06 0.999994880883
0.0147401289306 0.985259871069
0.156311622826 0.843688377174
0.500083347225 0.499916652775/
0.0948031519636 0.905196848036
0.000866431487365 0.999133568513
0.212727133325 0.787272866675
0.00135407899993 0.998645921
0.0431815041267 0.956818495873
0.0197994687175 0.980200531282
0.764569979235 0.235430020765/
0.329346202212 0.670653797788
0.0482050617264 0.951794938274
0.589796391571 0.410203608429/
0.85064542675 0.14935457325/
0.404698083468 0.595301916532
0.0353942133503 0.96460578665
0.128080101324 0.871919898676
0.999931472983 6.85270167494e-05/
3.03820616476e-05 0.999969617938
0.0152938229007 0.984706177099
0.00249355871683 0.997506441283
0.00392218434603 0.996077815654
0.103840049406 0.896159950594
0.00872062770702 0.991279372293
0.400093172424 0.599906827576
0.282557563916 0.717442436084
0.0668847192458 0.933115280754
0.114735685875 0.885264314125
0.000231880268483 0.999768119732
0.0384984001646 0.961501599835
0.0189033985009 0.981096601499
0.035701915329 0.964298084671
0.000129043646645 0.999870956353
0.0505331886105 0.94946681139
0.786834951466 0.213165048534/
0.000745507850199 0.99925449215
0.00563495296769 0.994365047032
0.121302005825 0.878697994175
0.428411214243 0.571588785757
0.00803784488519 0.991962155115
0.00649585795427 0.993504142046
1.46219148957e-05 0.999985378085
0.77024890824 0.22975109176/
0.227487189659 0.772512810341
0.83241227189 0.16758772811/
0.190071934888 0.809928065112
0.00183128677458 0.998168713225
0.197025351609 0.802974648391
0.547037215599 0.452962784401/
0.0345340845783 0.965465915422
0.000449224591315 0.999550775409
0.119244630082 0.880755369918
0.113580513456 0.886419486544
0.282557563916 0.717442436084
0.000128416157752 0.999871583842
0.104109144648 0.895890855352
0.909298251215 0.0907017487852/
0.0456528286327 0.954347171367
0.387766113105 0.612233886895
0.0687116066224 0.931288393378
0.0770918658743 0.922908134126
0.000519795993267 0.999480204007
0.310249042398 0.689750957602
0.709356950543 0.290643049457/
1.09315684268e-09 0.999999998907
0.500083347225 0.499916652775/
0.713022949354 0.286977050646/
0.000305927605182 0.999694072395
0.179285853916 0.820714146084
0.0808858010239 0.919114198976
0.241539292459 0.758460707541
0.0166826134637 0.983317386536
5.17903248469e-08 0.99999994821
0.960941986751 0.0390580132488/
0.054975195502 0.945024804498
0.500083347225 0.499916652775/
0.500083347225 0.499916652775/
0.555230466226 0.444769533774/
0.318022452303 0.681977547697
0.902076326515 0.0979236734845
0.00866257309458 0.991337426905
0.271226256292 0.728773743708
0.0020927198036 0.997907280196
0.0349787920018 0.965021207998
0.00115813346172 0.998841866538
0.0972070866337 0.902792913366
0.11328608914 0.88671391086
0.000262406415148 0.999737593585
0.000563164455724 0.999436835544
0.37827311253 0.62172688747
0.541295919958 0.458704080042/
0.0218964496824 0.978103550318
0.00258621164093 0.997413788359
0.0224266793258 0.977573320674
0.0278752691443 0.972124730856
0.0130272533981 0.986972746602
0.0937473598176 0.906252640182
0.0906974510551 0.909302548945
0.180334724584 0.819665275416
0.0052835721273 0.994716427873
0.54458127812 0.45541872188/
0.211139375796 0.788860624204
0.00241480467853 0.997585195321
0.0058100053599 0.99418999464
0.507037424617 0.492962575383/
0.00054150303139 0.999458496969
6.67230666681e-05 0.999933276933
0.235017884022 0.764982115978
0.306459736074 0.693540263926
0.0129747519229 0.987025248077
4.4203053103e-06 0.999995579695
0.0104354953304 0.98956450467
4.3976239077e-05 0.999956023761
0.00840080429833 0.991599195702
0.00341448221206 0.996585517788
0.692508140155 0.307491859845/
0.500083347225 0.499916652775/
0.260400574877 0.739599425123
0.0123579153855 0.987642084614
0.818085019225 0.181914980775/
0.930704961459 0.0692950385407/
0.739999808525 0.260000191475/
0.0652410252736 0.934758974726
0.139301168314 0.860698831686
0.00150154752154 0.998498452478
0.187425948 0.812574052
0.00735015073694 0.992649849263
0.147503270012 0.852496729988
0.00492471980835 0.995075280192
0.190071934888 0.809928065112
0.00837581998945 0.991624180011
0.500083347225 0.499916652775/
0.974043312657 0.0259566873434/
0.14745641302 0.85254358698
0.153793176954 0.846206823046
0.000406860326839 0.999593139673
0.400159092656 0.599840907344
0.763861926734 0.236138073266/
0.85139800912 0.14860199088/
0.213536118541 0.786463881459
0.0304572009864 0.969542799014
4.47883129531e-05 0.999955211687
0.0034712312059 0.996528768794
0.28973263931 0.71026736069
0.0517392921234 0.948260707877
0.983944150249 0.0160558497508/
0.282557563916 0.717442436084
0.514661696402 0.485338303598/
0.0029979779964 0.997002022004
0.00254963520279 0.997450364797
0.00575228961167 0.994247710388
0.0543933382455 0.945606661755
0.00774332909856 0.992256670901
0.151506208278 0.848493791722
0.282557563916 0.717442436084
0.00214883668349 0.997851163317
0.500083347225 0.499916652775/
0.0253156954038 0.974684304596
4.45419151589e-07 0.999999554581
0.0416668666329 0.958333133367
0.481803154275 0.518196845725
0.0165827777333 0.983417222267
0.261800008214 0.738199991786
0.0731473451425 0.926852654857
0.190071934888 0.809928065112
0.0808858010239 0.919114198976
0.644049958878 0.355950041122/
0.17909098476 0.82090901524
0.0290300061057 0.970969993894
0.00326069804492 0.996739301955
0.146792247789 0.853207752211
6.03715830701e-06 0.999993962842
0.242007006829 0.757992993171
0.500083347225 0.499916652775/
0.282557563916 0.717442436084
0.017073228003 0.982926771997
0.999776390544 0.000223609456302/
0.00633738151747 0.993662618483
0.00273590394432 0.997264096056
0.0018884064171 0.998111593583
0.00671979793658 0.993280202063
0.0546003501521 0.945399649848
4.60648657701e-05 0.999953935134
0.525459648645 0.474540351355/
0.00134324131039 0.99865675869
0.193011490357 0.806988509643
0.122157147316 0.877842852684
0.500083347225 0.499916652775/
0.20564325516 0.79435674484
0.811516646515 0.188483353485/
7.99777438602e-06 0.999992002226
0.340337238958 0.659662761042
0.00791106394562 0.992088936054
0.0102427218216 0.989757278178
0.0471498768155 0.952850123185
0.282557563916 0.717442436084
0.025611824758 0.974388175242
0.00126852870235 0.998731471298
2.14709137781e-05 0.999978529086
0.0111277541236 0.988872245876
0.95801201058 0.0419879894196/
0.0037514400034 0.996248559997
0.918569437798 0.0814305622019/
9.57384674324e-09 0.999999990426
0.282557563916 0.717442436084
0.0907298816714 0.909270118329
0.00411436377805 0.995885636222
0.00404629164593 0.995953708354
0.500083347225 0.499916652775/
6.70040115148e-09 0.9999999933
0.415595680478 0.584404319522
0.795647868348 0.204352131652/
0.264154551969 0.735845448031
0.0890725891683 0.910927410832
0.243844765986 0.756155234014
0.0120135999647 0.987986400035
0.366787508661 0.633212491339
0.991443767533 0.00855623246734/
0.016048135583 0.983951864417
2.77569657277e-05 0.999972243034
0.0924852302465 0.907514769754
0.00338847232279 0.996611527677
0.000933619028685 0.999066380971
0.00203976608458 0.997960233915
0.181053676675 0.818946323325
0.150580364045 0.849419635955
0.160216227575 0.839783772425
0.54488015455 0.45511984545/
0.00256751233036 0.99743248767
0.00405364133129 0.995946358669
0.0332841477278 0.966715852272
0.216122295458 0.783877704542
0.196142885776 0.803857114224
0.00312546080573 0.996874539194
0.709356950543 0.290643049457/
0.707002448917 0.292997551083/
0.074845097508 0.925154902492
0.108783039765 0.891216960235
0.62774912965 0.37225087035/
0.0144047596582 0.985595240342
0.0717106206501 0.92828937935
0.838402498489 0.161597501511/
4.36017369426e-05 0.999956398263
0.156137903167 0.843862096833
0.500083347225 0.499916652775/
0.131087948448 0.868912051552
0.373941822431 0.626058177569
0.0848101122766 0.915189887723
0.377972989962 0.622027010038
8.66470854058e-05 0.999913352915
0.577532105813 0.422467894187/
0.633307434191 0.366692565809/
8.10183099631e-07 0.999999189817
0.500083347225 0.499916652775/
0.0168816828921 0.983118317108
1.19735742379e-07 0.999999880264
7.46933233672e-08 0.999999925307
0.500083347225 0.499916652775/
0.417153477455 0.582846522545
0.355131648068 0.644868351932
0.000424506416503 0.999575493583
0.0336314175625 0.966368582437
0.0311917696914 0.968808230309
0.220802896991 0.779197103009
0.0165769172732 0.983423082727
0.00704402434123 0.992955975659
0.163575118967 0.836424881033
0.0326462136555 0.967353786345
0.0736302169574 0.926369783043
0.0454772065321 0.954522793468
6.09251837268e-08 0.999999939075
0.18042457943 0.81957542057
0.119084703111 0.880915296889
0.163575118967 0.836424881033
0.824945209714 0.175054790286/
0.00605995985546 0.993940040145
0.236696139629 0.763303860371
0.186016935257 0.813983064743
0.935318392531 0.0646816074689/
0.123376629499 0.876623370501
0.00288424066716 0.997115759333
0.0261466123886 0.973853387611
0.00202410758923 0.997975892411
0.46107366184 0.53892633816
0.762557900096 0.237442099904/
0.0469151708789 0.953084829121
0.016807396602 0.983192603398
1.1834732308e-07 0.999999881653
0.500083347225 0.499916652775/
0.127912150535 0.872087849465
0.017313742847 0.982686257153
0.335932545126 0.664067454874
0.463531376334 0.536468623666
7.30888938812e-12 0.999999999993
5.11911686929e-06 0.999994880883
0.0147401289306 0.985259871069
0.156311622826 0.843688377174
0.500083347225 0.499916652775/
0.0948031519636 0.905196848036
0.000866431487365 0.999133568513
0.212727133325 0.787272866675
0.00135407899993 0.998645921
0.0431815041267 0.956818495873
0.0197994687175 0.980200531282
0.764569979235 0.235430020765/
0.329346202212 0.670653797788
0.0482050617264 0.951794938274
0.589796391571 0.410203608429/
0.85064542675 0.14935457325/
0.404698083468 0.595301916532
0.0353942133503 0.96460578665
0.128080101324 0.871919898676
0.999931472983 6.85270167494e-05/
3.03820616476e-05 0.999969617938
0.0152938229007 0.984706177099
0.00249355871683 0.997506441283
0.00392218434603 0.996077815654
0.103840049406 0.896159950594
0.00872062770702 0.991279372293
0.400093172424 0.599906827576
0.282557563916 0.717442436084
0.0668847192458 0.933115280754
0.114735685875 0.885264314125
0.000231880268483 0.999768119732
0.0384984001646 0.961501599835
0.0189033985009 0.981096601499
0.035701915329 0.964298084671
0.000129043646645 0.999870956353
0.0505331886105 0.94946681139
0.786834951466 0.213165048534/
0.000745507850199 0.99925449215
0.00563495296769 0.994365047032
0.121302005825 0.878697994175
0.428411214243 0.571588785757
0.00803784488519 0.991962155115
0.00649585795427 0.993504142046
1.46219148957e-05 0.999985378085
0.77024890824 0.22975109176/
0.227487189659 0.772512810341
0.83241227189 0.16758772811/
0.190071934888 0.809928065112
0.00183128677458 0.998168713225
0.197025351609 0.802974648391
0.547037215599 0.452962784401/
0.0345340845783 0.965465915422
0.000449224591315 0.999550775409
0.119244630082 0.880755369918
0.113580513456 0.886419486544
0.282557563916 0.717442436084
0.000128416157752 0.999871583842
0.104109144648 0.895890855352
0.909298251215 0.0907017487852/
0.0456528286327 0.954347171367
0.387766113105 0.612233886895
0.0687116066224 0.931288393378
0.0770918658743 0.922908134126
0.000519795993267 0.999480204007
0.310249042398 0.689750957602
0.709356950543 0.290643049457/
1.09315684268e-09 0.999999998907
0.500083347225 0.499916652775/
0.713022949354 0.286977050646/
0.000305927605182 0.999694072395
0.179285853916 0.820714146084
0.0808858010239 0.919114198976
0.241539292459 0.758460707541
0.0166826134637 0.983317386536
5.17903248469e-08 0.99999994821
0.960941986751 0.0390580132488
0.054975195502 0.945024804498
0.500083347225 0.499916652775/
0.500083347225 0.499916652775/
0.555230466226 0.444769533774/
0.318022452303 0.681977547697
0.902076326515 0.0979236734845
0.00866257309458 0.991337426905
0.271226256292 0.728773743708
0.0020927198036 0.997907280196
0.0349787920018 0.965021207998
0.00115813346172 0.998841866538
0.0972070866337 0.902792913366
0.11328608914 0.88671391086
0.000262406415148 0.999737593585
0.000563164455724 0.999436835544
0.37827311253 0.62172688747
0.541295919958 0.458704080042/
0.0218964496824 0.978103550318
0.00258621164093 0.997413788359
0.0224266793258 0.977573320674
0.0278752691443 0.972124730856
0.0130272533981 0.986972746602
0.0937473598176 0.906252640182
0.0906974510551 0.909302548945
0.180334724584 0.819665275416
0.0052835721273 0.994716427873
0.54458127812 0.45541872188/
0.211139375796 0.788860624204
0.00241480467853 0.997585195321
0.0058100053599 0.99418999464
0.507037424617 0.492962575383/
0.00054150303139 0.999458496969
6.67230666681e-05 0.999933276933
0.235017884022 0.764982115978
0.306459736074 0.693540263926
0.0129747519229 0.987025248077
4.4203053103e-06 0.999995579695
0.0104354953304 0.98956450467
4.3976239077e-05 0.999956023761
0.00840080429833 0.991599195702
0.00341448221206 0.996585517788
0.692508140155 0.307491859845/
0.500083347225 0.499916652775/
0.260400574877 0.739599425123
0.0123579153855 0.987642084614
0.818085019225 0.181914980775/
0.930704961459 0.0692950385407/
0.739999808525 0.260000191475/
0.0652410252736 0.934758974726
0.139301168314 0.860698831686
0.00150154752154 0.998498452478
0.187425948 0.812574052
0.00735015073694 0.992649849263
0.147503270012 0.852496729988
0.999991131087 8.86891255388e-06
0.996266503087 0.003733496913
0.990222581672 0.00977741832829
0.999999984542 1.54576463059e-08
0.959721741923 0.0402782580771
0.999901877741 9.81222593147e-05
0.989321274142 0.0106787258576
0.851196351013 0.148803648987
0.905790817684 0.0942091823157
0.999452803851 0.000547196148507
0.996883478319 0.0031165216813
0.97212609352 0.0278739064801
0.966478238642 0.0335217613579
0.99160554137 0.00839445863044
0.986199595336 0.0138004046636
0.945081082803 0.0549189171965
0.826596243557 0.173403756443
0.828651578457 0.171348421543
0.99824830714 0.00175169286024
0.997309185946 0.00269081405412
0.99880608462 0.0011939153803
0.994860198922 0.00513980107822
0.996939577444 0.00306042255621
0.999997419698 2.58030171489e-06
0.875741889277 0.124258110723
0.99999985132 1.48680081415e-07
0.372855758529 0.627144241471/
0.987096142545 0.0129038574548
0.99984527643 0.000154723569673
0.999349712556 0.00065028744367
0.999997156027 2.84397320907e-06
0.782907512571 0.217092487429
0.999326935528 0.000673064471853
0.99999998388 1.61200633321e-08
0.495746237448 0.504253762552/
0.999744943102 0.000255056897927
0.984450287458 0.0155497125418
0.999998612074 1.38792615095e-06
0.984573534676 0.0154264653239
0.98983237219 0.01016762781
0.97426027019 0.0257397298105
0.999865956248 0.00013404375201
0.82124059895 0.17875940105
0.999874805282 0.000125194718427
0.992714184139 0.00728581586096
0.999996660702 3.33929845759e-06
0.937025208432 0.0629747915681
0.994459034502 0.00554096549772
0.999373443423 0.000626556576879
0.97256057875 0.0274394212505
0.97087471202 0.0291252879797
0.999491645109 0.000508354890574
0.998861533474 0.001138466526
0.302858471799 0.697141528201/
0.985753635091 0.0142463649086
0.899959711697 0.100040288303
0.999951635424 4.83645760483e-05
0.941223288953 0.058776711047
0.996482629811 0.00351737018867
0.99652536577 0.00347463423004
0.981065540388 0.0189344596123
0.999999973766 2.62338630823e-08
0.989831763957 0.0101682360426
0.996886547229 0.00311345277062
0.973244090439 0.0267559095606
0.984504500928 0.0154954990719
0.999999622855 3.77144882516e-07
0.997936909685 0.00206309031502
0.999982141536 1.78584644378e-05
0.997057132251 0.00294286774941
0.489418263073 0.510581736927/
0.964115269985 0.0358847300151
0.999978601792 2.13982079833e-05
0.923202996214 0.0767970037857
0.999579727927 0.000420272073315
0.82124059895 0.17875940105
0.999989377248 1.06227521125e-05
0.851196351013 0.148803648987
0.995326255056 0.00467374494425
0.999999999759 2.41390671121e-10
0.967103257344 0.0328967426559
0.998988675915 0.00101132408462
0.0553644522628 0.944635547737/
0.685067181127 0.314932818873
0.942911160453 0.0570888395465
0.500083347225 0.499916652775
0.857514034444 0.142485965556
0.999998901865 1.09813450186e-06
0.976161233999 0.0238387660009
0.999510215129 0.000489784870708
0.999905895682 9.41043180335e-05
0.984798492343 0.0152015076574
0.987362043968 0.0126379560323
0.970077161754 0.0299228382459
0.999969852703 3.01472972235e-05
0.178479553734 0.821520446266/
0.919083333755 0.0809166662451
0.931161612378 0.068838387622
0.99964533733 0.000354662670495
0.73930992514 0.26069007486
0.644261847219 0.355738152781
0.996783528223 0.00321647177731
0.999937353114 6.2646885943e-05
0.985121142837 0.014878857163
0.999225432814 0.000774567186019
0.859209985866 0.140790014134
0.999845977156 0.000154022843945
0.660527216831 0.339472783169
0.999669780659 0.000330219341232
0.999999999437 5.62849790559e-10
0.999998465825 1.5341745077e-06
0.9941656132 0.00583438680046
0.994975915426 0.0050240845744
0.559502802658 0.440497197342
0.99765661785 0.00234338215004
0.999999970243 2.97572264159e-08
0.854187834898 0.145812165102
0.999975780855 2.42191453227e-05
0.973566127957 0.0264338720431
0.996878511646 0.00312148835369
0.999763685763 0.000236314237291
0.999185227511 0.000814772488768
0.686809051764 0.313190948236
0.995630502931 0.00436949706931
0.999976842583 2.31574174441e-05
0.143672037961 0.856327962039/
0.984741286969 0.0152587130314
0.993336401885 0.00666359811464
0.999981661084 1.83389156593e-05
0.952183874005 0.0478161259952
0.999914771397 8.52286031093e-05
0.995941480396 0.00405851960438
0.999975953666 2.40463341303e-05
0.99896699081 0.0010330091902
0.997786252391 0.00221374760917
0.456777502895 0.543222497105/
0.500083347225 0.499916652775
0.974915241275 0.0250847587247
0.999855284169 0.000144715830589
0.751809842916 0.248190157084
0.990688901242 0.0093110987584
0.857514034444 0.142485965556
0.610349540438 0.389650459562
0.977857555987 0.022142444013
0.559502802658 0.440497197342
0.994441055746 0.00555894425404
0.996894227172 0.00310577282789
0.99958451517 0.000415484830491
0.965244372124 0.0347556278757
0.9976386844 0.00236131560037
0.827834811097 0.172165188903
0.085328666882 0.914671333118/
0.599437346229 0.400562653771
0.976604490062 0.023395509938
0.355068368331 0.644931631669/
0.573963964432 0.426036035568
0.0415436202783 0.958456379722/
0.779867248815 0.220132751185
0.0601529980439 0.939847001956/
0.743205282188 0.256794717812
0.998929902792 0.0010700972081
0.943804677816 0.0561953221844
0.940620167834 0.0593798321664
0.126942538192 0.873057461808/
0.960878650449 0.0391213495512
0.500083347225 0.499916652775
0.356905150964 0.643094849036/
0.997958031394 0.00204196860622
0.968835540133 0.0311644598665
0.998435470291 0.00156452970866
0.994638997635 0.00536100236528
0.00200679938765 0.997993200612/
0.96068383505 0.0393161649503
0.678609454611 0.321390545389
0.838825006329 0.161174993671
0.998755369262 0.00124463073845
0.981647691984 0.0183523080159
0.69754678009 0.30245321991
0.991748327353 0.00825167264749
0.992072695585 0.00792730441465
0.98253291545 0.0174670845502
0.999991821404 8.17859563573e-06
0.999999946125 5.38749720501e-08
0.42171216981 0.57828783019/
0.99840739151 0.00159260848964
0.994008085747 0.00599191425293
0.999793075904 0.00020692409643
0.999979665657 2.03343428939e-05
0.82124059895 0.17875940105
0.733542818104 0.266457181896
0.919738709103 0.0802612908974
0.997525467364 0.00247453263631
0.489679290177 0.510320709823/
0.999999900391 9.96090282497e-08
0.997144032397 0.00285596760299
0.999280167457 0.000719832542999
0.759190086823 0.240809913177
0.909369579841 0.0906304201585
0.998054087884 0.00194591211598
0.923175898688 0.0768241013124
0.969950305961 0.0300496940388
0.998207408844 0.00179259115628
0.999381133141 0.00061886685898
0.999999874844 1.25156284858e-07
0.999815401465 0.000184598534938
0.282838351155 0.717161648845/
0.999986533603 1.34663968762e-05
0.999778689952 0.000221310047665
0.934794033949 0.0652059660509
0.999976011364 2.39886357059e-05
0.999808452413 0.000191547586582
0.963868546835 0.0361314531647
0.990865420274 0.00913457972632
0.999999647264 3.52735645515e-07
0.964357831162 0.0356421688383
0.199154300122 0.800845699878/
0.983471075112 0.0165289248883
0.999040245908 0.00095975409183
0.152016029056 0.847983970944/
0.479895096074 0.520104903926/
0.988189020648 0.0118109793522
0.999903573346 9.6426653854e-05
0.999976186537 2.38134630762e-05
0.980947013392 0.019052986608
0.968450895201 0.0315491047985
0.113505134432 0.886494865568/
0.999999997894 2.10562555874e-09
0.37827311253 0.62172688747/
0.999342371997 0.000657628002957
0.999468035999 0.00053196400078
0.999959516709 4.04832906007e-05
0.99998213754 1.78624604087e-05
0.99411188096 0.00588811904009
0.997137439803 0.00286256019746
0.998991376677 0.00100862332279
0.999985943236 1.40567639994e-05
0.999999604473 3.95527059209e-07
0.999999999954 4.55523421814e-11
0.999999990537 9.46262646336e-09
0.983247783957 0.0167522160426
0.754391179139 0.245608820861
0.999999993829 6.17067437771e-09
0.999942559614 5.74403856206e-05
0.999396661112 0.000603338888313
0.963970250561 0.0360297494387
0.996728375679 0.00327162432141
0.999440988559 0.000559011441419
0.998909196385 0.00109080361519
0.999207230742 0.000792769257902
0.977987582116 0.0220124178843
0.869294561565 0.130705438435
0.995958968541 0.00404103145896
0.964686706092 0.0353132939081
0.624824556656 0.375175443344
0.999995030248 4.96975205596e-06
0.754588794797 0.245411205203
0.999999876439 1.23561483911e-07
0.977947789876 0.0220522101238
0.0256013734169 0.974398626583/
0.989582734043 0.0104172659567
0.950184635817 0.0498153641832
0.914719921576 0.0852800784245
0.76655144887 0.23344855113
0.664362283027 0.335637716973
0.999997874338 2.12566246992e-06
0.999991732602 8.26739804529e-06
0.713818345151 0.286181654849
0.999930403881 6.95961189318e-05
0.999976377877 2.36221229658e-05
0.997454939776 0.00254506022437
0.854846800754 0.145153199246
0.993382137947 0.00661786205323
0.999879542657 0.000120457343
0.950184635817 0.0498153641832
0.98819185927 0.0118081407303
0.989787346412 0.0102126535882
0.972063322044 0.0279366779564
0.949019095435 0.0509809045647
0.995904095162 0.00409590483827
0.832968591325 0.167031408675
0.939941217177 0.0600587828234
0.802945678174 0.197054321826
0.626845901027 0.373154098973
0.981146401533 0.0188535984666
0.999998309201 1.69079901214e-06
0.996787074977 0.00321292502292
0.818895284262 0.181104715738
0.969000558598 0.0309994414019
0.971094713022 0.0289052869785
0.997221142992 0.00277885700825
0.984016955021 0.0159830449786
0.999982537975 1.74620250328e-05
0.999451850841 0.000548149159132
0.998340305965 0.00165969403459
0.124255844853 0.875744155147/
0.999582402368 0.000417597632332
0.385478445186 0.614521554814/
0.991295417271 0.00870458272871
0.994597772586 0.0054022274145
0.762736252062 0.237263747938
0.602774915506 0.397225084494
0.887987150762 0.112012849238
0.999578310881 0.000421689118997
0.981190396183 0.0188096038167
0.999995111069 4.88893089382e-06
0.997444040385 0.00255595961474
0.999748583377 0.000251416623421
0.965407222848 0.0345927771518
0.999168275816 0.000831724184265
0.884085124135 0.115914875865
0.999999787877 2.12122907803e-07
0.82124059895 0.17875940105
0.999936229785 6.37702148862e-05
0.999029898975 0.000970101025361
0.863096139285 0.136903860715
0.190071934888 0.809928065112/
0.575510172314 0.424489827686
0.999381159123 0.000618840876738
0.970127570122 0.0298724298783
0.99733698206 0.00266301793956
0.99999892757 1.07243043087e-06
0.48454746911 0.51545253089/
0.996816561983 0.0031834380171
0.969050550706 0.0309494492943
0.999989280745 1.07192554462e-05
0.999949308575 5.0691425133e-05
0.999954734972 4.52650275833e-05
0.889821874608 0.110178125392
0.999252824018 0.000747175981622
0.971304677 0.0286953230004
0.956317215245 0.0436827847554
0.983308334313 0.0166916656874
0.978076643162 0.0219233568376
0.980864408235 0.0191355917654
0.999239402869 0.000760597130635
0.996230902213 0.00376909778734
0.989277006165 0.010722993835
0.972316493214 0.0276835067859
0.964135679826 0.0358643201739
0.999675045513 0.000324954487393
0.998612665336 0.00138733466375
0.999358421107 0.000641578893046
0.995302273645 0.0046977263549
0.999195944574 0.000804055426256
0.567179337549 0.432820662451
0.99999994682 5.31796001194e-08
0.999984354637 1.56453631647e-05
0.999997583523 2.41647666078e-06
0.99999999725 2.74956135637e-09
0.999996561179 3.43882093233e-06
0.998956086475 0.00104391352483
0.997958561411 0.00204143858892
0.999999999611 3.89148932081e-10
0.922508205833 0.0774917941666
0.999980482745 1.95172552202e-05
0.999289719205 0.000710280795209
0.999989704678 1.02953216262e-05
0.998540276416 0.00145972358403
0.985717344425 0.014282655575
0.99999031156 9.68843971985e-06
0.997697528357 0.00230247164287
0.00786546441931 0.992134535581/
0.927528791688 0.0724712083124
0.999995917055 4.08294489298e-06
0.99548722197 0.00451277802954
0.999106813908 0.000893186091642
0.994645258298 0.00535474170225
0.212883955403 0.787116044597/
0.999500478671 0.000499521328588
0.500083347225 0.499916652775
0.421228636751 0.578771363249/
0.952860690213 0.0471393097871
0.979078147997 0.020921852003
0.987207635176 0.0127923648242
0.998348046347 0.00165195365327
0.999998598546 1.40145407673e-06
0.999898444708 0.000101555292274
0.999999272073 7.27926800108e-07
0.999999720617 2.79382660842e-07
0.999999999988 1.20995205752e-11
0.994074621728 0.00592537827235
0.909965692093 0.0900343079066
0.996903909803 0.0030960901965
0.999995145711 4.85428943177e-06
0.999999984932 1.50677952749e-08
0.999998024936 1.97506393817e-06
0.999974218846 2.57811540163e-05
0.967953477555 0.0320465224452
0.999922391652 7.7608347683e-05
0.925941412758 0.0740585872419
0.994172415047 0.00582758495344
0.986721830905 0.0132781690955
0.977575551996 0.0224244480039
0.988647792817 0.0113522071825
0.031297307421 0.968702692579/
0.999999967384 3.26162044661e-08
0.500083347225 0.499916652775
0.966370748071 0.0336292519291
0.998524977968 0.00147502203199
0.835864347877 0.164135652123
0.999999898947 1.01053026327e-07
0.997649507272 0.00235049272806
0.947873460755 0.0521265392445
0.99999956859 4.31409532393e-07
0.997648375846 0.00235162415351
0.00631373644359 0.993686263556/
0.971209201186 0.0287907988141
0.877767233849 0.122232766151
0.999997532521 2.46747873054e-06
0.999924082933 7.59170674266e-05
0.999971867515 2.81324845141e-05
0.15923202091 0.84076797909/
0.999069166899 0.000930833100704
0.999037107001 0.000962892998783
0.999999992854 7.14629008819e-09
0.999999998842 1.158443849e-09
0.321319569441 0.678680430559/
0.408929609942 0.591070390058/
0.34621810069 0.65378189931/
0.999981352623 1.86473767982e-05
0.193400152605 0.806599847395/
0.952822813449 0.0471771865511
0.968493030407 0.0315069695928
0.999972009438 2.79905620288e-05
0.996383801704 0.0036161982958
0.999999807942 1.92057603901e-07
0.999999991409 8.59101626319e-09
0.999911286038 8.87139618693e-05
0.999999518878 4.81121731399e-07
0.979435302426 0.0205646975744
0.999999939447 6.05534612433e-08
0.999919569236 8.04307639106e-05
0.998740854715 0.00125914528477
0.871945272715 0.128054727285
0.999538825091 0.000461174908625
0.99918694072 0.000813059279537
0.999934400357 6.55996430088e-05
0.997399373689 0.00260062631062
0.500083347225 0.499916652775
0.999999677984 3.22015710494e-07
0.999795588812 0.000204411188455
0.762630852976 0.237369147024
0.142655276487 0.857344723513/
0.483401770459 0.516598229541/
0.929766144543 0.0702338554574
0.983672173868 0.0163278261315
0.716640286672 0.283359713328
0.999982252149 1.77478513114e-05
0.999997344586 2.65541423137e-06
0.995950872489 0.00404912751105
0.919083333755 0.0809166662451
0.427519023597 0.572480976403/
0.999597263686 0.000402736314135
0.996749045755 0.00325095424541
0.945643206918 0.0543567930817
0.9895634409 0.0104365590998
0.438862586771 0.561137413229/
0.938934634399 0.0610653656011
0.958700872021 0.0412991279792
0.999999601164 3.98835920628e-07
0.00808166001139 0.991918339989/
0.772856788185 0.227143211815
0.999981656877 1.83431233787e-05
0.999999962118 3.78821761158e-08
0.999595623288 0.000404376711554
0.999920841056 7.91589440217e-05
0.991763694876 0.00823630512402
0.999999931928 6.80720758416e-08
0.989093583353 0.0109064166472
0.999057640935 0.000942359065013
0.999999992412 7.5878945632e-09
0.999999880379 1.19620861343e-07
0.994500232407 0.00549976759263
0.993523634585 0.00647636541507
0.579684524212 0.420315475788
0.999999589018 4.10981563209e-07
0.999996548413 3.45158684306e-06
0.999994662949 5.33705141955e-06
0.998916069185 0.00108393081539
0.999999970461 2.95385462986e-08
0.535858079912 0.464141920088
0.56185418209 0.43814581791
0.99986242731 0.000137572690178
0.999851764231 0.00014823576939
0.999582542148 0.000417457851801
0.0874591377178 0.912540862282
0.99999205572 7.9442802686e-06
0.999957076603 4.29233965997e-05
0.998788183699 0.0012118163011
0.999882910524 0.000117089475547
0.996615665907 0.00338433409304
0.998378403847 0.00162159615278
0.999999943243 5.67565738052e-08
0.99715670998 0.00284329001973
0.850956311077 0.149043688923
0.535804502039 0.464195497961
0.999956936842 4.30631581453e-05
0.362799919171 0.637200080829/
0.999792285548 0.000207714452334
0.997663494757 0.00233650524302
0.999941451226 5.85487740294e-05
0.999923634582 7.63654178762e-05
0.701568017787 0.298431982213
0.672499298288 0.327500701712
0.999999999998 2.2159083938e-12
0.999991131087 8.86891255388e-06
0.996266503087 0.003733496913
0.990222581672 0.00977741832829
0.999999984542 1.54576463059e-08
0.959721741923 0.0402782580771
0.999901877741 9.81222593147e-05
0.989321274142 0.0106787258576
0.851196351013 0.148803648987
0.905790817684 0.0942091823157
0.999452803851 0.000547196148507
0.996883478319 0.0031165216813
0.97212609352 0.0278739064801
0.966478238642 0.0335217613579
0.99160554137 0.00839445863044
0.986199595336 0.0138004046636
0.945081082803 0.0549189171965
0.826596243557 0.173403756443
0.828651578457 0.171348421543
0.99824830714 0.00175169286024
0.997309185946 0.00269081405412
0.99880608462 0.0011939153803
0.994860198922 0.00513980107822
0.996939577444 0.00306042255621
0.999997419698 2.58030171489e-06
0.875741889277 0.124258110723
0.99999985132 1.48680081415e-07
0.372855758529 0.627144241471/
0.987096142545 0.0129038574548
0.99984527643 0.000154723569673
0.999349712556 0.00065028744367
0.999997156027 2.84397320907e-06
0.782907512571 0.217092487429
0.999326935528 0.000673064471853
0.99999998388 1.61200633321e-08
0.495746237448 0.504253762552/
0.999744943102 0.000255056897927
0.984450287458 0.0155497125418
0.999998612074 1.38792615095e-06
0.984573534676 0.0154264653239
0.98983237219 0.01016762781
0.97426027019 0.0257397298105
0.999865956248 0.00013404375201
0.82124059895 0.17875940105
0.999874805282 0.000125194718427
0.992714184139 0.00728581586096
0.999996660702 3.33929845759e-06
0.937025208432 0.0629747915681
0.994459034502 0.00554096549772
0.999373443423 0.000626556576879
0.97256057875 0.0274394212505
0.97087471202 0.0291252879797
0.999491645109 0.000508354890574
0.998861533474 0.001138466526
0.302858471799 0.697141528201/
0.985753635091 0.0142463649086
0.899959711697 0.100040288303
0.999951635424 4.83645760483e-05
0.941223288953 0.058776711047
0.996482629811 0.00351737018867
0.99652536577 0.00347463423004
0.981065540388 0.0189344596123
0.999999973766 2.62338630823e-08
0.989831763957 0.0101682360426
0.996886547229 0.00311345277062
0.973244090439 0.0267559095606
0.984504500928 0.0154954990719
0.999999622855 3.77144882516e-07
0.997936909685 0.00206309031502
0.999982141536 1.78584644378e-05
0.997057132251 0.00294286774941
