0.00297358095413 0.997026419046
0.00348303398561 0.996516966014
0.0888340511664 0.911165948834
0.167151781702 0.832848218298
0.25465484646 0.74534515354
0.0974702044513 0.902529795549
0.0440216490194 0.955978350981
0.120556569734 0.879443430266
0.0128273609411 0.987172639059
0.0601819515439 0.939818048456
0.225706615568 0.774293384432
0.213909543771 0.786090456229
0.306469986427 0.693530013573
0.161911153425 0.838088846575
0.7204109393 0.2795890607/
0.539030818258 0.460969181742/
0.246607874734 0.753392125266
0.0469834930328 0.953016506967
0.143900237993 0.856099762007
0.776629341488 0.223370658512/
0.00163172437819 0.998368275622
0.0660261738889 0.933973826111
0.0289925336874 0.971007466313
0.0224940205392 0.977505979461
0.202754194002 0.797245805998
0.00652299301425 0.993477006986
0.201253775756 0.798746224244
0.147990948905 0.852009051095
0.0668542265286 0.933145773471
0.43318305195 0.56681694805
0.00775783279664 0.992242167203
0.213170987566 0.786829012434
0.0670932139787 0.932906786021
0.0415467974795 0.958453202521
0.0816007164974 0.918399283503
0.0230179067915 0.976982093209
0.235092932609 0.764907067391
0.00192320636068 0.998076793639
0.0276475204449 0.972352479555
0.138659263121 0.861340736879
0.484103862481 0.515896137519
0.0425687117018 0.957431288298
0.0516559880455 0.948344011955
0.0515781938347 0.948421806165
0.257175152488 0.742824847512
0.178749949956 0.821250050044
0.430000235281 0.569999764719
0.240708246939 0.759291753061
0.0078055672586 0.992194432741
0.088623192046 0.911376807954
0.769772096661 0.230227903339/
0.420187935604 0.579812064396
0.00726721294115 0.992732787059
0.306524651556 0.693475348444
0.183527040425 0.816472959575
0.147990948905 0.852009051095
0.0368889201414 0.963111079859
0.162791481819 0.837208518181
0.679383573111 0.320616426889/
0.12375918273 0.87624081727
0.196055568565 0.803944431435
0.0978135193122 0.902186480688
0.048961649771 0.951038350229
0.0074172402573 0.992582759743
0.0789144864492 0.921085513551
0.466225082274 0.533774917726
0.00117171253217 0.998828287468
0.25465484646 0.74534515354
0.327492449816 0.672507550184
0.0195434119984 0.980456588002
0.0684525729903 0.93154742701
0.0778918306502 0.92210816935
0.24584160447 0.75415839553
0.108339993005 0.891660006995
0.000320301420902 0.999679698579
0.691705010186 0.308294989814/
0.0313459007356 0.968654099264
0.25465484646 0.74534515354
0.25465484646 0.74534515354
0.553746734807 0.446253265193/
0.568263224035 0.431736775965/
0.337913044253 0.662086955747
0.140389869145 0.859610130855
0.292533289351 0.707466710649
0.104758137672 0.895241862328
0.0904014288433 0.909598571157
0.0198200297058 0.980179970294
0.0768794768208 0.923120523179
0.068639743969 0.931360256031
0.0174583373295 0.982541662671
0.0137626384256 0.986237361574
0.190114297818 0.809885702182
0.176996955915 0.823003044085
0.0787417483218 0.921258251678
0.0330665175444 0.966933482456
0.165679637489 0.834320362511
0.161820114085 0.838179885915
0.158302969085 0.841697030915
0.332815984625 0.667184015375
0.537777396764 0.462222603236/
0.253093988918 0.746906011082
0.266747136438 0.733252863562
0.782803742018 0.217196257982/
0.14266933989 0.85733066011
0.0112108064461 0.988789193554
0.060305222574 0.939694777426
0.40842434476 0.59157565524
0.00939641971269 0.990603580287
0.138747769617 0.861252230383
0.556560462711 0.443439537289/
0.171159985063 0.828840014937
0.0196308851877 0.980369114812
0.0026152787749 0.997384721225
0.0284133034902 0.97158669651
0.02658054502 0.97341945498
0.0188472328385 0.981152767162
0.0848357753528 0.915164224647
0.501691282253 0.498308717747/
0.25465484646 0.74534515354
0.132259598664 0.867740401336
0.0177858456984 0.982214154302
0.165181648016 0.834818351984
0.725161065064 0.274838934936/
0.600221645607 0.399778354393/
0.0397251281275 0.960274871872
0.0963543283323 0.903645671668
0.110271466464 0.889728533536
0.18610150736 0.81389849264
0.542763994435 0.457236005565/
0.130281106205 0.869718893795
0.034698512307 0.965301487693
0.240708246939 0.759291753061
0.00945698096119 0.990543019039
0.25465484646 0.74534515354
0.940737467029 0.0592625329706/
0.100296755494 0.899703244506
0.371784662108 0.628215337892
0.0223185726304 0.97768142737
0.845222374446 0.154777625554/
0.745645196103 0.254354803897/
0.263775352881 0.736224647119
0.277283332842 0.722716667158
0.182398461397 0.817601538603
0.00127958536385 0.998720414636
0.0250758344925 0.974924165508
0.153907410646 0.846092589354
0.123753166794 0.876246833206
0.946212619275 0.0537873807253/
0.147990948905 0.852009051095
0.356417454013 0.643582545987
0.119807901428 0.880192098572
0.0938837482841 0.906116251716
0.00823786670815 0.991762133292
0.0785000011175 0.921499998882
0.0155906997529 0.984409300247
0.0994856131371 0.900514386863
0.147990948905 0.852009051095
0.0428753126622 0.957124687338
0.25465484646 0.74534515354
0.122417619107 0.877582380893
0.000263499409962 0.99973650059
0.518096386494 0.481903613506/
0.320573540075 0.679426459925
0.199369059624 0.800630940376
0.126516495755 0.873483504245
0.096459972117 0.903540027883
0.219517014075 0.780482985925
0.0778918306502 0.92210816935
0.468091571677 0.531908428323
0.387508886034 0.612491113966
0.0697976370763 0.930202362924
0.0160475055389 0.983952494461
0.455851373481 0.544148626519
0.00189390323867 0.998106096761
0.292058473024 0.707941526976
0.25465484646 0.74534515354
0.147990948905 0.852009051095
0.0206449947998 0.9793550052
0.859004744025 0.140995255975/
0.145806936641 0.854193063359
0.0104119668118 0.989588033188
0.0489497753823 0.951050224618
0.0493198514838 0.950680148516
0.137393362254 0.862606637746
0.00162029070726 0.998379709293
0.128273043249 0.871726956751
0.00341542440785 0.996584575592
0.181934485109 0.818065514891
0.0930710358522 0.906928964148
0.25465484646 0.74534515354
0.127430017761 0.872569982239
0.89833842773 0.10166157227/
0.000672980666066 0.999327019334
0.160608141803 0.839391858197
0.0186414073841 0.981358592616
0.0472863296339 0.952713670366
0.0607576457782 0.939242354222
0.147990948905 0.852009051095
0.0979140909136 0.902085909086
0.013372050395 0.986627949605
0.00465435855628 0.995345641444
0.507019541725 0.492980458275/
0.966510012899 0.0334899871009/
0.282783918575 0.717216081425/
0.981753791443 0.0182462085572
0.00103365450345 0.998966345497
0.147990948905 0.852009051095
0.199751309927 0.800248690073
0.00924949465078 0.990750505349
0.00989586303792 0.990104136962
0.25465484646 0.74534515354
0.000282505655641 0.999717494344
0.228541257983 0.771458742017
0.52181919597 0.47818080403/
0.254339084047 0.745660915953
0.151643791704 0.848356208296
0.305441165956 0.694558834044
0.0616370450741 0.938362954926
0.208038507988 0.791961492012
0.92025830871 0.0797416912905
0.415852649617 0.584147350383
0.023169982007 0.976830017993
0.117230385441 0.882769614559
0.018268559762 0.981731440238
0.186737586411 0.813262413589
0.0405993734449 0.959400626555
0.383885326351 0.616114673649
0.0752485812187 0.924751418781
0.179454649665 0.820545350335
0.944932143768 0.0550678562322
0.0639557192753 0.936044280725
0.0542932909809 0.945706709019
0.0268476833769 0.973152316623
0.233365712718 0.766634287282
0.653531218974 0.346468781026/
0.0164299603947 0.983570039605
0.466225082274 0.533774917726
0.53254022262 0.46745977738/
0.139686839516 0.860313160484
0.109728824583 0.890271175417
0.346549919186 0.653450080814
0.176479170789 0.823520829211
0.127150064804 0.872849935196
0.584206295871 0.415793704129/
0.0252201603675 0.974779839633
0.0686977547504 0.93130224525
0.25465484646 0.74534515354
0.0599145668565 0.940085433143
0.388440298705 0.611559701295
0.61169459773 0.38830540227/
0.175086949914 0.824913050086
0.0166880960554 0.983311903945
0.157669482893 0.842330517107
0.422239068603 0.577760931397
0.00116668869852 0.998833311301
0.25465484646 0.74534515354
0.0242437474496 0.97575625255
0.0126801987586 0.987319801241
0.00163228468187 0.998367715318
0.25465484646 0.74534515354
0.456228352461 0.543771647539
0.337170596314 0.662829403686
0.0212997089826 0.978700291017
0.0197008875784 0.980299112422
0.0693848851501 0.93061511485
0.0765276078369 0.923472392163
0.0466148317392 0.953385168261
0.0102666716222 0.989733328378
0.201948481558 0.798051518442
0.173315253972 0.826684746028
0.0554942131283 0.944505786872
0.205221749086 0.794778250914
0.00223618129009 0.99776381871
0.248008472231 0.751991527769
0.0442903158677 0.955709684132
0.11296079492 0.88703920508
0.295605660817 0.704394339183
0.0021970829707 0.997802917029
0.935958836308 0.0640411636923/
0.383646935602 0.616353064398
0.926608455291 0.0733915447085/
0.165537765621 0.834462234379
0.014990046136 0.985009953864
0.331704577169 0.668295422831
0.159827207321 0.840172792679
0.206996535978 0.793003464022
0.571155109383 0.428844890617/
0.076189760798 0.923810239202
0.105184192209 0.894815807791
0.000449998843881 0.999550001156
0.25465484646 0.74534515354
0.162543984383 0.837456015617
0.0291446147025 0.970855385298
0.998842278565 0.0011577214346/
0.175240497729 0.824759502271
0.00297358095413 0.997026419046
0.00348303398561 0.996516966014
0.0888340511664 0.911165948834
0.167151781702 0.832848218298
0.25465484646 0.74534515354
0.0974702044513 0.902529795549
0.0440216490194 0.955978350981
0.120556569734 0.879443430266
0.0128273609411 0.987172639059
0.0601819515439 0.939818048456
0.225706615568 0.774293384432
0.213909543771 0.786090456229
0.306469986427 0.693530013573
0.161911153425 0.838088846575
0.7204109393 0.2795890607/
0.539030818258 0.460969181742/
0.246607874734 0.753392125266
0.0469834930328 0.953016506967
0.143900237993 0.856099762007
0.776629341488 0.223370658512/
0.00163172437819 0.998368275622
0.0660261738889 0.933973826111
0.0289925336874 0.971007466313
0.0224940205392 0.977505979461
0.202754194002 0.797245805998
0.00652299301425 0.993477006986
0.201253775756 0.798746224244
0.147990948905 0.852009051095
0.0668542265286 0.933145773471
0.43318305195 0.56681694805
0.00775783279664 0.992242167203
0.213170987566 0.786829012434
0.0670932139787 0.932906786021
0.0415467974795 0.958453202521
0.0816007164974 0.918399283503
0.0230179067915 0.976982093209
0.235092932609 0.764907067391
0.00192320636068 0.998076793639
0.0276475204449 0.972352479555
0.138659263121 0.861340736879
0.484103862481 0.515896137519
0.0425687117018 0.957431288298
0.0516559880455 0.948344011955
0.0515781938347 0.948421806165
0.257175152488 0.742824847512
0.178749949956 0.821250050044
0.430000235281 0.569999764719
0.240708246939 0.759291753061
0.0078055672586 0.992194432741
0.088623192046 0.911376807954
0.769772096661 0.230227903339/
0.420187935604 0.579812064396
0.00726721294115 0.992732787059
0.306524651556 0.693475348444
0.183527040425 0.816472959575
0.147990948905 0.852009051095
0.0368889201414 0.963111079859
0.162791481819 0.837208518181
0.679383573111 0.320616426889/
0.12375918273 0.87624081727
0.196055568565 0.803944431435
0.0978135193122 0.902186480688
0.048961649771 0.951038350229
0.0074172402573 0.992582759743
0.0789144864492 0.921085513551
0.466225082274 0.533774917726
0.00117171253217 0.998828287468
0.25465484646 0.74534515354
0.327492449816 0.672507550184
0.0195434119984 0.980456588002
0.0684525729903 0.93154742701
0.0778918306502 0.92210816935
0.24584160447 0.75415839553
0.108339993005 0.891660006995
0.000320301420902 0.999679698579
0.691705010186 0.308294989814/
0.0313459007356 0.968654099264
0.25465484646 0.74534515354
0.25465484646 0.74534515354
0.553746734807 0.446253265193/
0.568263224035 0.431736775965/
0.337913044253 0.662086955747
0.140389869145 0.859610130855
0.292533289351 0.707466710649
0.104758137672 0.895241862328
0.0904014288433 0.909598571157
0.0198200297058 0.980179970294
0.0768794768208 0.923120523179
0.068639743969 0.931360256031
0.0174583373295 0.982541662671
0.0137626384256 0.986237361574
0.190114297818 0.809885702182
0.176996955915 0.823003044085
0.0787417483218 0.921258251678
0.0330665175444 0.966933482456
0.165679637489 0.834320362511
0.161820114085 0.838179885915
0.158302969085 0.841697030915
0.332815984625 0.667184015375
0.537777396764 0.462222603236/
0.253093988918 0.746906011082
0.266747136438 0.733252863562
0.782803742018 0.217196257982
0.14266933989 0.85733066011
0.0112108064461 0.988789193554
0.060305222574 0.939694777426
0.40842434476 0.59157565524
0.00939641971269 0.990603580287
0.138747769617 0.861252230383
0.556560462711 0.443439537289/
0.171159985063 0.828840014937
0.0196308851877 0.980369114812
0.0026152787749 0.997384721225
0.0284133034902 0.97158669651
0.02658054502 0.97341945498
0.0188472328385 0.981152767162
0.0848357753528 0.915164224647
0.501691282253 0.498308717747/
0.25465484646 0.74534515354
0.132259598664 0.867740401336
0.0177858456984 0.982214154302
0.165181648016 0.834818351984
0.725161065064 0.274838934936/
0.600221645607 0.399778354393/
0.0397251281275 0.960274871872
0.0963543283323 0.903645671668
0.110271466464 0.889728533536
0.18610150736 0.81389849264
0.542763994435 0.457236005565/
0.130281106205 0.869718893795
0.999958282361 4.17176393182e-05
0.985353450343 0.0146465496567
0.864981575722 0.135018424278
0.999982342811 1.76571887044e-05
0.884286667224 0.115713332776
0.999433341822 0.000566658177921
0.952306440784 0.0476935592156
0.664468776103 0.335531223897
0.848792612949 0.151207387051
0.990918463936 0.00908153606358
0.982544408724 0.0174555912757
0.943091866978 0.0569081330223
0.945307021606 0.0546929783938
0.972774721701 0.0272252782986
0.935534495288 0.0644655047122
0.498522780323 0.501477219677/
0.547338255116 0.452661744884
0.589652427436 0.410347572564
0.969509122746 0.0304908772535
0.983520008954 0.0164799910459
0.99303501639 0.00696498361012
0.982693556552 0.017306443448
0.944918295896 0.0550817041037
0.999934149658 6.58503424122e-05
0.417108589528 0.582891410472/
0.999979561039 2.04389605272e-05
0.315432062873 0.684567937127/
0.94889863433 0.0511013656696
0.999017141215 0.000982858785424
0.991651688083 0.00834831191727
0.999836639406 0.000163360593677
0.322590179982 0.677409820018/
0.970243100218 0.0297568997819
0.99984522297 0.000154777029631
0.482476821938 0.517523178062/
0.999582163133 0.000417836867414
0.722455344753 0.277544655247
0.997245153636 0.00275484636374
0.949944066071 0.0500559339287
0.607167261185 0.392832738815
0.652351691477 0.347648308523
0.997562102453 0.00243789754708
0.650141712434 0.349858287566
0.998531322431 0.00146867756869
0.977922611985 0.0220773880155
0.984764962281 0.0152350377192
0.851227508155 0.148772491845
0.951710990461 0.0482890095387
0.981607412736 0.0183925872638
0.872784567932 0.127215432068
0.627535500334 0.372464499666
0.96744056431 0.0325594356897
0.995580419602 0.00441958039794
0.431224429505 0.568775570495/
0.958029173911 0.0419708260891
0.513112617721 0.486887382279
0.999120427197 0.00087957280275
0.863423502935 0.136576497065
0.974187544253 0.0258124557468
0.994717817642 0.00528218235805
0.944574897373 0.0554251026266
0.999925576862 7.44231384897e-05
0.889216259484 0.110783740516
0.791583076758 0.208416923242
0.922291602514 0.0777083974856
0.861175202484 0.138824797516
0.999986290726 1.3709274169e-05
0.965270634577 0.0347293654231
0.999127316784 0.000872683216485
0.975079016763 0.0249209832367
0.56048422576 0.43951577424
0.671483720533 0.328516279467
0.998325658298 0.00167434170212
0.722857815585 0.277142184415
0.995040850599 0.00495914940051
0.650141712434 0.349858287566
0.999188479258 0.000811520742079
0.664468776103 0.335531223897
0.964752251702 0.0352477482984
0.999998456978 1.54302169053e-06
0.901730058313 0.0982699416869
0.983371605481 0.0166283945192
0.28000709708 0.71999290292/
0.432440369853 0.56755963014/7
0.596175504217 0.403824495783
0.25465484646 0.74534515354/
0.671813352257 0.328186647743
0.999429183651 0.000570816349073
0.878635308341 0.121364691659
0.897561864236 0.102438135764
0.997845159549 0.002154840451
0.847203723637 0.152796276363
0.833208603691 0.166791396309
0.630742553286 0.369257446714
0.999223805435 0.000776194565144
0.211303903052 0.788696096948/
0.838556309381 0.161443690619
0.887894363559 0.112105636441
0.890015067713 0.109984932287
0.2079051915 0.7920948085/
0.741464374958 0.258535625042
0.946144122341 0.0538558776587
0.995697643573 0.00430235642683
0.948090204229 0.0519097957712
0.91595446117 0.0840455388305
0.61910723116 0.38089276884
0.987516653712 0.0124833462882
0.364362741728 0.635637258272/
0.822546966098 0.177453033902
0.999997477493 2.52250735977e-06
0.996471950328 0.00352804967236
0.718185916008 0.281814083992
0.957902737682 0.0420972623184
0.364147527367 0.635852472633/
0.981085374849 0.0189146251509
0.999999405053 5.94946723886e-07
0.744169455414 0.255830544586
0.998954564064 0.00104543593584
0.919051103356 0.0809488966439
0.985042193745 0.0149578062552
0.995796342156 0.00420365784434
0.908621553261 0.0913784467387
0.550562163491 0.449437836509
0.929287409702 0.0707125902981
0.985381770458 0.014618229542
0.379681014504 0.620318985496/
0.785730671535 0.214269328465
0.988706121414 0.0112938785861
0.999524182805 0.000475817194965
0.631192106684 0.368807893316
0.997017614906 0.00298238509396
0.943500132072 0.0564998679275
0.999656582728 0.000343417271603
0.995896305915 0.00410369408529
0.771829703623 0.228170296377
0.42001268117 0.57998731883/
0.25465484646 0.74534515354/
0.899710496406 0.100289503594
0.989950697448 0.0100493025524
0.534235684822 0.465764315178
0.833170203934 0.166829796066
0.671813352257 0.328186647743
0.526090140545 0.473909859455
0.528491024457 0.471508975543
0.364147527367 0.635852472633/
0.946015668145 0.0539843318554
0.985199749329 0.0148002506705
0.999147325224 0.000852674775613
0.748914977079 0.251085022921
0.979700217126 0.0202997828736
0.807599923202 0.192400076798
0.09079398227 0.90920601773/
0.841243228271 0.158756771729
0.739266078782 0.260733921218
0.230764571772 0.769235428228/
0.604322363427 0.395677636573
0.0830132198104 0.91698678019/
0.378559615629 0.621440384371/
0.0463313980766 0.953668601923/
0.823906758322 0.176093241678
0.996676175015 0.00332382498546
0.758780790902 0.241219209098
0.642524809762 0.357475190238
0.840423676514 0.159576323486
0.974688990194 0.0253110098059
0.25465484646 0.74534515354/
0.425616710325 0.574383289675/
0.933365063845 0.0666349361554
0.913694944185 0.0863050558151
0.990212393653 0.00978760634729
0.938549208391 0.0614507916086
0.0208799890055 0.979120010994/
0.923685680094 0.076314319905
0.648659222861 0.351340777139
0.51477822354 0.48522177646
0.993309045836 0.00669095416383
0.871961503445 0.128038496555
0.456083707834 0.543916292166/
0.985729199479 0.0142708005206
0.951242183006 0.0487578169936
0.993353571312 0.00664642868824
0.99893447671 0.0010655232903
0.999977340738 2.26592618165e-05
0.368823305485 0.631176694515/
0.994312707547 0.00568729245266
0.677855517476 0.322144482524
0.8912828355 0.1087171645
0.998759384714 0.00124061528602
0.650141712434 0.349858287566
0.30182348639 0.69817651361/
0.657670560961 0.342329439039
0.814953932406 0.185046067594
0.282391088371 0.717608911629/
0.999972149453 2.78505467256e-05
0.965261577512 0.0347384224881
0.986312354928 0.0136876450721
0.383296804129 0.616703195871
0.702888326403 0.297111673597
0.979753238025 0.0202467619751
0.681342711582 0.318657288418
0.385081355836 0.614918644164/
0.99052869865 0.00947130134997
0.985368164339 0.014631835661
0.999583427771 0.00041657222864
0.895536221773 0.104463778227
0.300928195846 0.699071804154/
0.998021858212 0.00197814178798
0.990288785776 0.00971121422367
0.7513577782 0.2486422218
0.995473091307 0.00452690869297
0.997697679137 0.00230232086304
0.461539056869 0.538460943131/
0.983932288917 0.0160677110828
0.99763064091 0.00236935908975
0.861651008456 0.138348991544
0.612796764715 0.387203235285
0.671289422901 0.328710577099
0.975526557834 0.0244734421657
0.102924847994 0.897075152006/
0.499384934124 0.500615065876/
0.882399228585 0.117600771415
0.997521516643 0.00247848335738
0.999554850031 0.000445149968786
0.70343485114 0.29656514886
0.749842804841 0.250157195159
0.576637272413 0.423362727587
0.999999661827 3.38173158587e-07
0.190114297818 0.809885702182/
0.993480430946 0.00651956905423
0.999898776389 0.000101223611357
0.999244930028 0.000755069972074
0.944175782146 0.0558242178537
0.993718588166 0.00628141183394
0.987874112502 0.0121258874976
0.885157616061 0.114842383939
0.999572682031 0.000427317969045
0.99986146406 0.000138535940387
0.999994945849 5.05415142615e-06
0.999916935169 8.30648310154e-05
0.953750731336 0.0462492686644
0.521552086178 0.478447913822
0.999998522489 1.47751123591e-06
0.99385654774 0.00614345225951
0.992361493471 0.00763850652923
0.770207906527 0.229792093473
0.973463555028 0.0265364449716
0.993032289877 0.00696771012329
0.958151486958 0.0418485130419
0.952613547561 0.0473864524388
0.749618414501 0.250381585499
0.982999542314 0.0170004576859
0.947055842319 0.052944157681
0.967903056563 0.0320969434368
0.750955298599 0.249044701401
0.998997090521 0.00100290947923
0.817519818501 0.182480181499
0.999814302023 0.000185697976652
0.903567758051 0.0964322419488
0.29307200475 0.70692799525/
0.938653501348 0.0613464986516
0.903593604544 0.0964063954556
0.597605880106 0.402394119894
0.31320795649 0.68679204351/
0.703884961803 0.296115038197
0.999074004656 0.000925995344291
0.994633019607 0.00536698039314
0.484272148157 0.515727851843
0.992527888827 0.00747211117289
0.993012490599 0.00698750940083
0.997335276899 0.00266472310097
0.752726725238 0.247273274762
0.975294766132 0.0247052338677
0.996585401674 0.00341459832629
0.903593604544 0.0964063954556
0.964765875339 0.0352341246613
0.88281484507 0.11718515493
0.854739536518 0.145260463482
0.871441410595 0.128558589405
0.959724024751 0.0402759752489
0.675585873566 0.324414126434
0.92130161451 0.0786983854898
0.278743099986 0.721256900014/
0.381389075184 0.618610924816/
0.906793154866 0.0932068451342
0.993021073393 0.00697892660666
0.731721325789 0.268278674211
0.87008477465 0.12991522535
0.867936311712 0.132063688288
0.826906395607 0.173093604393
0.990249110155 0.00975088984509
0.967101033586 0.0328989664138
0.999811336944 0.000188663056194
0.989137229443 0.0108627705575
0.986497653595 0.0135023464048
0.154185551459 0.845814448541/
0.956223770118 0.0437762298823
0.647405016821 0.352594983179
0.976503760827 0.0234962391726
0.898347314729 0.101652685271
0.509497749456 0.490502250544
0.581130631 0.418869369
0.450694408722 0.549305591278/
0.996956148655 0.00304385134462
0.965813034206 0.0341869657943
0.993730671799 0.00626932820086
0.875974617371 0.124025382629
0.973372566477 0.0266274335225
0.69171286413 0.30828713587
0.996827955951 0.00317204404918
0.354473795196 0.645526204804/
0.99985063368 0.000149366319513
0.650141712434 0.349858287566
0.994831033931 0.00516896606916
0.993724685416 0.00627531458419
0.91562209577 0.08437790423
0.160872113824 0.839127886176/
0.338312172556 0.661687827444/
0.805042797144 0.194957202856
0.909743438368 0.0902565616316
0.966959466121 0.0330405338786
0.999204623709 0.000795376291246
0.322576949549 0.677423050451/
0.894576116943 0.105423883057
0.793686994801 0.206313005199
0.994338548352 0.0056614516483
0.98410344601 0.0158965539899
0.957531813739 0.0424681862609
0.821818379875 0.178181620125
0.980081194365 0.0199188056354
0.907375884289 0.0926241157108
0.868015186637 0.131984813363
0.955277646365 0.0447223536353
0.911516981153 0.088483018847
0.946831314931 0.0531686850688
0.987672807573 0.0123271924274
0.981952612939 0.0180473870606
0.940369246463 0.0596307535366
0.951790913182 0.0482090868185
0.953535702009 0.0464642979912
0.996451241098 0.00354875890243
0.991554525888 0.0084454741119
0.986384374714 0.0136156252863
0.973234816258 0.0267651837424
0.956492233948 0.0435077660515
0.273447233238 0.726552766762/
0.999811445916 0.000188554084118
0.993550198316 0.00644980168392
0.999999125393 8.74606522316e-07
0.999890068105 0.000109931895455
0.999906237285 9.3762715085e-05
0.914059920465 0.0859400795349
0.955820457531 0.0441795424691
0.999999667558 3.32441527306e-07
0.702722344934 0.297277655066
0.990482535902 0.00951746409779
0.938274897703 0.0617251022968
0.998543981941 0.00145601805916
0.993139957558 0.00686004244186
0.999009883605 0.000990116394756
0.998659748184 0.00134025181588
0.827155588413 0.172844411587
0.975756072644 0.0242439273557
0.603313709202 0.396686290798
0.998741832427 0.00125816757311
0.937839524619 0.0621604753811
0.970341305548 0.0296586944518
0.981305455558 0.0186945444416
0.287312744081 0.712687255919/
0.978920401223 0.0210795987768
0.25465484646 0.74534515354/
0.0758350193051 0.924164980695/
0.895027576805 0.104972423195
0.468177792068 0.531822207932/
0.959233131887 0.0407668681133
0.939535621825 0.0604643781751
0.995737108031 0.00426289196881
0.986794094783 0.0132059052174
0.998122788955 0.00187721104521
0.999996148383 3.85161680083e-06
0.998258646241 0.00174135375909
0.981096612297 0.0189033877026
0.71918055786 0.28081944214
0.99432359299 0.00567640701012
0.998005366968 0.00199463303167
0.999990940152 9.05984790911e-06
0.999857615789 0.000142384210946
0.969573436021 0.0304265639787
0.643821892429 0.356178107571
0.996620930222 0.00337906977813
0.867717661149 0.132282338851
0.994725155458 0.0052748445419
0.969614230355 0.0303857696449
0.728778435514 0.271221564486
0.959465200592 0.040534799408
0.0636865848283 0.936313415172/
0.998681233704 0.00131876629633
0.25465484646 0.74534515354/
0.958301397472 0.0416986025283
0.905661582129 0.0943384178711
0.676374678462 0.323625321538
0.999212247475 0.000787752525452
0.836454151352 0.163545848648
0.910023445114 0.0899765548864
0.996197604293 0.00380239570712
0.948044572585 0.0519554274154
0.105157302166 0.894842697834/
0.753201412826 0.246798587174
0.427476373877 0.572523626123/
0.99596280967 0.00403719032974
0.99980351428 0.000196485720182
0.997847412843 0.00215258715718
0.148595006884 0.851404993116/
0.999699190434 0.000300809565731
0.989495029049 0.0105049709512
0.999989598709 1.0401291188e-05
0.998395900678 0.00160409932189
0.694484857679 0.305515142321
0.950147042702 0.0498529572978
0.408413966412 0.591586033588/
0.999558247731 0.000441752268886
0.545290414969 0.454709585031
0.909604119699 0.0903958803006
0.840236383869 0.159763616131
0.998354198779 0.00164580122063
0.998279565297 0.00172043470342
0.999756770778 0.000243229222074
0.999979004879 2.09951208771e-05
0.932769806727 0.0672301932726
0.999957453842 4.25461581204e-05
0.848820685811 0.151179314189
0.999975953602 2.40463979625e-05
0.998060206125 0.00193979387497
0.908450472854 0.0915495271461
0.526102886265 0.473897113735
0.963299143384 0.0367008566155
0.997879225181 0.00212077481917
0.999399214537 0.000600785462679
0.896253783749 0.103746216251
0.25465484646 0.74534515354/
0.990384786319 0.00961521368098
0.984951855816 0.0150481441839
0.753189202255 0.246810797745
0.906777105058 0.093222894942
0.0904323629474 0.909567637053/
0.60398569577 0.39601430423
0.972877578059 0.0271224219415
0.7910537235 0.2089462765
0.99771923809 0.00228076191025
0.999851942297 0.000148057702849
0.880001353368 0.119998646632
0.838556309381 0.161443690619
0.903483958142 0.0965160418578
0.998470196233 0.00152980376679
0.949669810264 0.0503301897362
0.735488339016 0.264511660984
0.798695073884 0.201304926116
0.277775065583 0.722224934417/
0.650111091589 0.349888908411
0.743558367158 0.256441632842
0.994541540326 0.00545845967443
0.588975587107 0.411024412893
0.404840928443 0.595159071557/
0.997889258447 0.00211074155313
0.999969448764 3.05512359552e-05
0.998349042792 0.00165095720765
0.995052985238 0.00494701476203
0.972095060184 0.0279049398158
0.99977927561 0.000220724389689
0.999505433646 0.00049456635376
0.999159899112 0.000840100888433
0.953532199019 0.046467800981
0.999930283526 6.97164737287e-05
0.914384360933 0.0856156390673
0.763884812928 0.236115187072
0.830101252044 0.169898747956
0.99932373777 0.000676262230312
0.999744939115 0.000255060884806
0.999733137319 0.000266862681305
0.977924632624 0.0220753673759
0.999043270394 0.000956729605623
0.622692992108 0.377307007892
0.358842318649 0.641157681351/
0.977828224865 0.0221717751349
0.998071879423 0.00192812057704
0.99838222835 0.00161777165042
0.222184727732 0.777815272268/
0.999827947465 0.000172052535114
0.9991647014 0.00083529859969
0.826164163343 0.173835836657
0.948722236889 0.051277763111
0.987232332707 0.0127676672934
0.957177012652 0.0428229873483
0.999986388134 1.36118659796e-05
0.982252812443 0.0177471875573
0.646567331827 0.353432668173
0.390309745897 0.609690254103/
0.994163079222 0.00583692077814
0.420896275841 0.579103724159/
0.971335070169 0.0286649298307
0.999136182885 0.000863817114908
0.995384724014 0.0046152759864
0.915203146429 0.0847968535715
0.684487870366 0.315512129634
0.31223444659 0.68776555341/
0.999995538762 4.46123825437e-06
0.999958282361 4.17176393182e-05
0.985353450343 0.0146465496567
0.864981575722 0.135018424278
0.999982342811 1.76571887044e-05
0.884286667224 0.115713332776
0.999433341822 0.000566658177921
0.952306440784 0.0476935592156
0.664468776103 0.335531223897
0.848792612949 0.151207387051
0.990918463936 0.00908153606358
0.982544408724 0.0174555912757
0.943091866978 0.0569081330223
0.945307021606 0.0546929783938
0.972774721701 0.0272252782986
0.935534495288 0.0644655047122
0.498522780323 0.501477219677/
0.547338255116 0.452661744884
0.589652427436 0.410347572564
0.969509122746 0.0304908772535
0.983520008954 0.0164799910459
0.99303501639 0.00696498361012
0.982693556552 0.017306443448
0.944918295896 0.0550817041037
0.999934149658 6.58503424122e-05
0.417108589528 0.582891410472/
0.999979561039 2.04389605272e-05
0.315432062873 0.684567937127/
0.94889863433 0.0511013656696
0.999017141215 0.000982858785424
0.991651688083 0.00834831191727
0.999836639406 0.000163360593677
0.322590179982 0.677409820018
0.970243100218 0.0297568997819
0.99984522297 0.000154777029631
0.482476821938 0.517523178062/
0.999582163133 0.000417836867414
0.722455344753 0.277544655247
0.997245153636 0.00275484636374
0.949944066071 0.0500559339287
0.607167261185 0.392832738815
0.652351691477 0.347648308523
0.997562102453 0.00243789754708
0.650141712434 0.349858287566
0.998531322431 0.00146867756869
0.977922611985 0.0220773880155
0.984764962281 0.0152350377192
0.851227508155 0.148772491845
0.951710990461 0.0482890095387
0.981607412736 0.0183925872638
0.872784567932 0.127215432068
0.627535500334 0.372464499666
0.96744056431 0.0325594356897
0.995580419602 0.00441958039794
0.431224429505 0.568775570495/
0.958029173911 0.0419708260891
0.513112617721 0.486887382279
0.999120427197 0.00087957280275
0.863423502935 0.136576497065
0.974187544253 0.0258124557468
0.994717817642 0.00528218235805
0.944574897373 0.0554251026266
0.999925576862 7.44231384897e-05
0.889216259484 0.110783740516
0.791583076758 0.208416923242
0.922291602514 0.0777083974856
0.861175202484 0.138824797516
0.999986290726 1.3709274169e-05
0.965270634577 0.0347293654231
0.999127316784 0.000872683216485
0.975079016763 0.0249209832367
