0.0307304205376 0.969269579462/
0.00140616199052 0.998593838009
3.65243426272e-08 0.999999963476
0.756536136075 0.243463863925/
0.127145611022 0.872854388978
0.319367757782 0.680632242218
0.307493548818 0.692506451182
0.660390243058 0.339609756942/
0.129355341623 0.870644658377
0.100049870998 0.899950129002
0.0178307892358 0.982169210764
0.00344434801388 0.996555651986
0.0897461884977 0.910253811502
1.478838816e-06 0.999998521161
0.14040423347 0.85959576653
0.126939686949 0.873060313051
0.083607895993 0.916392104007
0.418520911558 0.581479088442
2.90754990457e-07 0.999999709245
0.00072663649191 0.999273363508
0.0261337968512 0.973866203149
0.00834885645788 0.991651143542
0.0328363487513 0.967163651249
4.30691610049e-05 0.999956930839
0.00187788777383 0.998122112226
0.0537897223781 0.946210277622
0.0208598568136 0.979140143186
0.17819892203 0.82180107797
0.0664943315354 0.933505668465
0.297741046886 0.702258953114
0.413777689939 0.586222310061
0.785317846137 0.214682153863/
0.806751509424 0.193248490576/
0.551427969459 0.448572030541/
0.0662307696989 0.933769230301
0.00713589157536 0.992864108425
9.44494664371e-06 0.999990555053
0.0935217285096 0.90647827149
0.0591803410237 0.940819658976
0.113540364674 0.886459635326
0.6539715306 0.3460284694/
0.00909915525692 0.990900844743
0.0945405833449 0.905459416655
1.89866834467e-05 0.999981013317
0.000100249323345 0.999899750677
0.0562137525692 0.943786247431
0.00133205557116 0.998667944429
1.35375324379e-05 0.999986462468
0.00222946430822 0.997770535692
0.0816837869548 0.918316213045
0.00720142778976 0.99279857221
0.749206939483 0.250793060517/
0.0849126760084 0.915087323992
0.255138628587 0.744861371413
0.000332439488158 0.999667560512
0.000908199688875 0.999091800311
0.0775956678104 0.92240433219
0.699326551098 0.300673448902/
0.00863425907089 0.991365740929
1.99679314082e-06 0.999998003207
0.516782819171 0.483217180829/
6.56488510634e-05 0.999934351149
0.45801549685 0.54198450315
0.0265139363334 0.973486063667
0.0667727743895 0.93322722561
0.000325949763356 0.999674050237
0.930791646872 0.0692083531278/
0.148351113718 0.851648886282
0.0946258056951 0.905374194305
1.60611609908e-06 0.999998393884
0.00213414591616 0.997865854084
0.123785787145 0.876214212855
0.137029804105 0.862970195895
0.0763065910279 0.923693408972
0.0976632703113 0.902336729689
0.0496625838525 0.950337416147
0.0159607272 0.9840392728
0.00305664624287 0.996943353757
0.188842483259 0.811157516741
0.109802473869 0.890197526131
0.00224139392392 0.997758606076
0.172098170632 0.827901829368
0.694943502892 0.305056497108/
0.21305287506 0.78694712494
0.013234921723 0.986765078277
1.53484544421e-07 0.999999846515
0.813622106177 0.186377893823/
0.00293368198287 0.997066318017
0.147612483845 0.852387516155
0.173398079789 0.826601920211
0.0238890507876 0.976110949212
0.0225889573755 0.977411042625
0.0050687216396 0.99493127836
0.184762398817 0.815237601183
0.060471981938 0.939528018062
0.418520911558 0.581479088442
0.0118888662 0.9881111338
0.137130587306 0.862869412694
0.0189872629511 0.981012737049
3.52399097875e-05 0.99996476009
6.68101264507e-10 0.999999999332
0.000116137020623 0.999883862979
0.12698216285 0.87301783715
0.249685449043 0.750314550957
0.5 0.5
0.0219577836168 0.978042216383
0.00148925291782 0.998510747082
0.0863949195439 0.913605080456
0.0421140111619 0.957885988838
0.062579558027 0.937420441973
0.53099142274 0.46900857726/
0.436193382775 0.563806617225
0.120405153103 0.879594846897
0.176189216324 0.823810783676
0.211400832903 0.788599167097
0.10407446649 0.89592553351
0.464051873922 0.535948126078
0.0172082785406 0.982791721459
0.33463026892 0.66536973108
0.979122229738 0.0208777702625/
0.00182214864451 0.998177851355
0.110846271567 0.889153728433
0.000421734033317 0.999578265967
0.000174916263354 0.999825083737
0.0635996148386 0.936400385161
0.00465730867918 0.995342691321
0.699100622541 0.300899377459/
0.0466463723366 0.953353627663
0.123572251488 0.876427748512
0.210159977517 0.789840022483
0.000402356846871 0.999597643153
0.00656675563005 0.99343324437
0.0458902967607 0.954109703239
0.112601804159 0.887398195841
3.69332293078e-05 0.999963066771
0.0730257408503 0.92697425915
0.462317968547 0.537682031453
0.000344538000449 0.999655462
0.00298425926767 0.997015740732
0.100925430143 0.899074569857
0.54934827264 0.45065172736/
0.477254701543 0.522745298457
0.000579487356442 0.999420512644
4.43837819539e-05 0.999955616218
0.66708953373 0.33291046627/
0.0251757187016 0.974824281298
0.268742345274 0.731257654726
0.153627802605 0.846372197395
0.00242951238956 0.99757048761
0.0722070684571 0.927792931543
0.753113438426 0.246886561574/
0.0154243823752 0.984575617625
0.00176604592883 0.998233954071
0.145393930627 0.854606069373
0.132710647633 0.867289352367
0.280188620793 0.719811379207
0.0551252166336 0.944874783366
0.151503768517 0.848496231483
0.892947207294 0.107052792706/
0.433715730642 0.566284269358
0.5 0.5
0.0446875583019 0.955312441698
0.0583457506026 0.941654249397
0.0319929015107 0.968007098489
0.254117716443 0.745882283557
0.487722354249 0.512277645751
2.96343559993e-07 0.999999703656
0.5 0.5
0.472006919497 0.527993080503
1.02002265668e-05 0.999989799773
0.0222717633465 0.977728236654
0.0576067109595 0.94239328904
0.106883679611 0.893116320389
0.00109578075559 0.998904219244
5.72666359741e-09 0.999999994273
0.889122243123 0.110877756877/
0.0850702015303 0.91492979847
0.503401624824 0.496598375176/
0.312139539234 0.687860460766
0.593430964648 0.406569035352/
0.104585983555 0.895414016445
0.092773997577 0.907226002423
0.00362342155255 0.996376578447
0.119822883528 0.880177116472
0.00127950048566 0.998720499514
0.05406083122 0.94593916878
5.27778156613e-05 0.999947222184
0.111834882656 0.888165117344
0.30688977088 0.69311022912
0.0400495411916 0.959950458808
0.0779051678714 0.922094832129
0.433715730642 0.566284269358
0.449101855423 0.550898144577
0.023490716474 0.976509283526
0.00561322778042 0.99438677222
0.0674930185069 0.932506981493
0.0856593450295 0.91434065497
0.236269707641 0.763730292359
0.00580554721657 0.994194452783
0.567926824933 0.432073175067/
0.168446882615 0.831553117385
0.425085123191 0.574914876809
0.922096376405 0.0779036235953/
0.262942046991 0.737057953009
0.0354849349664 0.964515065034
0.0444961730468 0.955503826953
9.94448772411e-09 0.999999990056
1.67794277343e-07 0.999999832206
0.0453525603506 0.954647439649
0.388836256292 0.611163743708
0.0718560052078 0.928143994792
0.221815791704 0.778184208296
0.227447483891 0.772552516109
0.0591803410237 0.940819658976
0.309132893661 0.690867106339
0.000925098741778 0.999074901258
0.709736955963 0.290263044037/
0.18298129509 0.81701870491
0.418520911558 0.581479088442
0.000631420812981 0.999368579187
0.0565175322538 0.943482467746
0.0106481564229 0.989351843577
0.28823540508 0.71176459492
0.0718560052078 0.928143994792
7.97917725975e-05 0.999920208227
0.0175307095119 0.982469290488
0.00133263274185 0.998667367258
0.209366622258 0.790633377742
0.00022692118523 0.999773078815
0.00252892204538 0.997471077955
0.148351113718 0.851648886282
0.115548782948 0.884451217052
0.00054184765059 0.999458152349
0.0218260320671 0.978173967933
0.385022636114 0.614977363886
0.873975023194 0.126024976806/
0.732126702311 0.267873297689/
0.0148309467832 0.985169053217
0.204069907062 0.795930092938
0.0313356775164 0.968664322484
0.060303091945 0.939696908055
0.457733645513 0.542266354487
0.000283020220874 0.999716979779
0.322529952045 0.677470047955
0.0225550698415 0.977444930158
0.00311907659094 0.996880923409
0.00465781261889 0.995342187381
0.85773800033 0.14226199967/
0.000491820754168 0.999508179246
0.373387058071 0.626612941929
0.00785138709671 0.992148612903
2.13140596659e-05 0.99997868594
0.000323388429575 0.99967661157
0.670887326717 0.329112673283/
0.614380065423 0.385619934577/
0.108318416509 0.891681583491
0.646521267839 0.353478732161/
0.301881344305 0.698118655695
2.65021199941e-05 0.99997349788
0.140769401772 0.859230598228
0.490171062552 0.509828937448
0.043184042264 0.956815957736
0.000174885526096 0.999825114474
0.0402005564175 0.959799443583
0.00340869950553 0.996591300494
0.0496625838525 0.950337416147
5.86498362699e-05 0.999941350164
0.791220897865 0.208779102135/
0.062574673222 0.937425326778
8.77662259831e-07 0.999999122338
0.000946676049701 0.99905332395
0.00601977883634 0.993980221164
0.171787049036 0.828212950964
0.0281921069483 0.971807893052
0.0820038531139 0.917996146886
0.0764481206438 0.923551879356
0.157706971395 0.842293028605
0.740796107539 0.259203892461/
3.12948597578e-05 0.99996870514
0.345055754247 0.654944245753
0.492722065279 0.507277934721
0.0971385701138 0.902861429886
0.008228621305 0.991771378695
0.542311799565 0.457688200435/
0.0356198634402 0.96438013656
0.011818537651 0.988181462349
0.0453525603506 0.954647439649
0.626069129181 0.373930870819/
0.311552465465 0.688447534535
0.0131168760322 0.986883123968
0.296077983818 0.703922016182
0.0420240963253 0.957975903675
0.0165779089078 0.983422091092
0.163148662621 0.836851337379
0.418520911558 0.581479088442
0.168322852617 0.831677147383
0.0767159065484 0.923284093452
0.0817621384012 0.918237861599
0.0729780767431 0.927021923257
0.218560663345 0.781439336655
0.999170232653 0.00082976734703
0.969161483763 0.0308385162368
0.973694113064 0.0263058869362
0.997131826713 0.00286817328665
0.999999032998 9.67002150375e-07
0.988572433828 0.0114275661723
0.999981354146 1.86458536545e-05
0.369708557503 0.630291442497/
0.664657156322 0.335342843678
0.997536808332 0.00246319166844
0.76521919312 0.23478080688
0.960466740144 0.0395332598556
0.999998996115 1.00388532342e-06
0.999981414084 1.85859158047e-05
0.994399889671 0.005600110329
0.957037488612 0.0429625113884
0.997789155196 0.00221084480382
0.943775351346 0.0562246486537
0.967746893221 0.0322531067788
0.828496369902 0.171503630098
0.972247422778 0.0277525772217
0.99942307218 0.000576927820186
0.998156803278 0.00184319672212
0.976655571357 0.0233444286434
0.998788842477 0.0012111575232
0.796992636037 0.203007363963
0.99970343612 0.000296563880367
0.990275537648 0.0097244623518
0.0702388854843 0.929761114516/
0.990602532149 0.00939746785063
0.738191359459 0.261808640541
0.0028196688062 0.997180331194/
0.999996415415 3.58458512394e-06
0.983460194517 0.0165398054826
0.684833711266 0.315166288734
0.999990886891 9.11310938048e-06
0.99962175726 0.000378242739503
0.738191359459 0.261808640541
0.402909284156 0.597090715844/
0.691578250525 0.308421749475
0.845671886868 0.154328113132
0.87091250302 0.12908749698
0.999002616189 0.000997383810597
0.977197551379 0.0228024486207
0.894349780353 0.105650219647
0.998998109166 0.00100189083421
0.999306207914 0.000693792086326
0.999999979976 2.00236973254e-08
0.822360037148 0.177639962852
0.94764774164 0.0523522583602
0.977931636048 0.0220683639522
0.990350512244 0.00964948775647
0.905470627985 0.0945293720153
0.619248395469 0.380751604531
0.556301131601 0.443698868399
0.999972558201 2.74417992026e-05
0.993063636279 0.00693636372057
0.999979277955 2.07220447828e-05
0.986475339928 0.0135246600719
0.826955232251 0.173044767749
0.968788314295 0.031211685705
0.495073351896 0.504926648104/
0.406818232415 0.593181767585/
0.979183489742 0.0208165102582
0.917215626985 0.0827843730149
0.855099769525 0.144900230475
0.999870455201 0.000129544799147
0.999999199724 8.00275981129e-07
0.99998999185 1.00081497541e-05
0.991684363161 0.00831563683904
0.997529064063 0.00247093593729
0.936989242136 0.0630107578644
0.9882028268 0.0117971732004
0.60347901826 0.39652098174
0.999937282394 6.27176061449e-05
0.999959622664 4.03773362712e-05
0.975431764357 0.0245682356434
0.998932578592 0.00106742140826
0.994783884867 0.00521611513316
0.937647722319 0.0623522776809
0.599376342237 0.400623657763
0.881764994976 0.118235005024
0.970385150963 0.0296148490372
0.980218124086 0.0197818759141
0.99638694159 0.00361305841014
0.999999054705 9.45294820566e-07
0.966530991044 0.0334690089557
0.817637099871 0.182362900129
0.999977531339 2.24686608887e-05
0.207525626174 0.792474373826/
0.999999986644 1.33559502527e-08
0.936238202635 0.0637617973654
0.766245471843 0.233754528157
0.999004135525 0.000995864475123
0.748622784184 0.251377215816
0.000612810891157 0.999387189109/
0.967965752397 0.0320342476027
0.999882907765 0.000117092234788
0.997588689685 0.00241131031463
0.978116030118 0.0218839698824
0.999999996581 3.41885011822e-09
0.989199529889 0.0108004701108
0.999828202379 0.000171797620612
0.997255776278 0.00274422372204
0.999958099471 4.19005293577e-05
0.999999018423 9.81577133883e-07
0.99999976286 2.37140370339e-07
0.998662028679 0.0013379713213
0.974466887994 0.0255331120059
0.617851290367 0.382148709633
0.999900313872 9.96861281535e-05
0.9999998561 1.43899546535e-07
0.999991249275 8.7507246009e-06
0.997190852028 0.00280914797232
0.996354691078 0.00364530892198
0.999969037655 3.09623447981e-05
0.888660707771 0.111339292229
0.925086476777 0.0749135232234
0.974156758017 0.0258432419833
0.978809851228 0.0211901487715
0.995079426271 0.00492057372935
0.748736854569 0.251263145431
0.999999822071 1.77929275434e-07
0.5 0.5
0.935577015795 0.0644229842054
0.994784760151 0.00521523984903
0.778542612568 0.221457387432
0.999999396112 6.0388786483e-07
0.999747068751 0.000252931249156
0.915777061731 0.0842229382685
0.999996356263 3.64373665811e-06
0.998947105245 0.00105289475479
0.0389177040795 0.961082295921/
0.918688133412 0.0813118665881
0.853761231384 0.146238768616
0.999877978828 0.000122021172065
0.99990666506 9.33349398756e-05
0.999953907159 4.60928412863e-05
0.416604472319 0.583395527681/
0.999955948909 4.40510911411e-05
0.999086415197 0.000913584803058
0.999938171907 6.18280928776e-05
0.999999999412 5.8848364781e-10
0.342295223399 0.657704776601/
0.953023487656 0.0469765123445
0.267726606902 0.732273393098/
0.999711791192 0.000288208808346
0.85036377919 0.14963622081
0.999625817669 0.000374182330779
0.988652823073 0.0113471769266
0.999995212124 4.78787609638e-06
0.968827449187 0.0311725508132
0.99966661082 0.000333389179542
0.999999961634 3.83664281226e-08
0.995874220425 0.00412577957472
0.999996813787 3.18621304224e-06
0.918900926695 0.0810990733054
0.999999000305 9.99694523892e-07
0.99965233523 0.000347664770207
0.999655699461 0.000344300539501
0.968048086866 0.0319519131339
0.997568924863 0.00243107513666
0.99539856366 0.0046014363398
0.999950809191 4.91908086189e-05
0.992894508371 0.00710549162921
0.5 0.5
0.999997027047 2.97295291427e-06
0.981999679453 0.0180003205465
0.838785132921 0.161214867079
0.736993457043 0.263006542957
0.74459200222 0.25540799778
0.876963196387 0.123036803613
0.282450247299 0.717549752701/
0.999883085738 0.000116914261663
0.999986712194 1.32878063186e-05
0.972734976935 0.0272650230648
0.861674512407 0.138325487593
0.0130608312695 0.986939168731/
0.997023589715 0.00297641028508
0.982058534654 0.0179414653464
0.89784844431 0.10215155569
0.993030928482 0.00696907151843
0.22959454935 0.77040545065/
0.957258647682 0.0427413523177
0.993478250119 0.0065217498811
0.998387941172 0.00161205882755
0.989262016615 0.0107379833853
0.815798425918 0.184201574082
0.999267117575 0.000732882424809
0.999999931495 6.8504934326e-08
0.998924372395 0.00107562760518
0.999958345263 4.16547370754e-05
0.967371173368 0.0326288266315
0.999997914735 2.08526484876e-06
0.999963686144 3.63138557915e-05
0.997661507628 0.00233849237219
0.999998407578 1.59242169783e-06
0.998616756338 0.00138324366159
0.826140585857 0.173859414143
0.992162634389 0.00783736561089
0.977937663472 0.0220623365279
0.999084848146 0.000915151854465
0.984910356738 0.0150896432619
0.996796791408 0.00320320859184
0.948321969405 0.0516780305954
0.999992667522 7.33247815144e-06
0.959927236502 0.0400727634984
0.335423092839 0.664576907161
0.418520911558 0.581479088442/
0.895816972706 0.104183027294
0.418520911558 0.581479088442/
0.366842870757 0.633157129243/
0.738191359459 0.261808640541
0.999995137374 4.86262636891e-06
0.991306948319 0.00869305168131
0.914792774352 0.0852072256482
0.95575266447 0.0442473355297
0.999999129242 8.70757729293e-07
0.999263618042 0.000736381958391
0.397617956156 0.602382043844/
0.000447868797549 0.999552131202/
0.973110632794 0.0268893672062
0.759630775197 0.240369224803
0.999624829026 0.00037517097366
0.970977003002 0.029022996998
0.18077078319 0.81922921681/
0.999106189873 0.000893810127376
0.986682462422 0.0133175375777
0.920954420441 0.0790455795587
0.999947809976 5.21900238711e-05
0.991810639415 0.00818936058533
0.976684995252 0.0233150047483
0.999926821367 7.31786332315e-05
0.817637099871 0.182362900129
0.396029923532 0.603970076468/
0.928424895006 0.0715751049936
0.999702289657 0.000297710342553
0.999999967962 3.20381215423e-08
0.986283427601 0.0137165723986
0.997496806924 0.0025031930759
0.837440149887 0.162559850113
0.987487839081 0.0125121609195
0.999999031676 9.68323869706e-07
0.773268947837 0.226731052163
0.998515221922 0.00148477807803
0.53826659266 0.46173340734
0.99355023498 0.00644976501979
0.962587436597 0.037412563403
0.999905249419 9.47505808003e-05
0.999775601685 0.000224398314638
0.817637099871 0.182362900129
0.999678706194 0.000321293806089
0.841464204364 0.158535795636
0.035356857568 0.964643142432/
0.9187840826 0.0812159174003
0.519297372177 0.480702627823
0.239159494986 0.760840505014/
0.949434265647 0.0505657343535
0.953640080711 0.0463599192887
0.959136945459 0.0408630545413
0.928599659518 0.0714003404825
0.999102137115 0.000897862884953
0.901900987329 0.0980990126714
0.0324332486398 0.96756675136/
0.999576167223 0.000423832776725
0.99996623724 3.37627602452e-05
0.974966262864 0.0250337371359
0.667023764768 0.332976235232
0.986981165387 0.0130188346134
0.999982167096 1.7832904281e-05
0.982217873973 0.0177821260267
0.999999803067 1.96932687231e-07
0.344355224696 0.655644775304/
0.992842216279 0.007157783721
0.99999999782 2.17961366453e-09
0.994737323539 0.00526267646087
0.808867038407 0.191132961593
0.974972163735 0.0250278362654
0.999790595505 0.000209404495162
0.99959540527 0.000404594730032
0.963558317256 0.0364416827436
0.664990114439 0.335009885561
0.84809687873 0.15190312127
0.776085114752 0.223914885248
0.857210583277 0.142789416723
0.982649443879 0.0173505561206
0.999991840399 8.15960055375e-06
0.900775999746 0.0992240002535
0.982592042524 0.0174079574756
0.762791268914 0.237208731086
0.940920527674 0.0590794723259
0.418520911558 0.581479088442/
0.151299582376 0.848700417624/
0.995725619078 0.00427438092239
0.381482394893 0.618517605107/
0.998338788206 0.00166121179361
0.880223391722 0.119776608278
0.999471130195 0.000528869804867
0.75191982525 0.24808017475
0.846792651329 0.153207348671
