0.0949153936963 0.905084606304
0.0099140133442 0.990085986656
1.59765252269e-05 0.999984023475
0.149591693722 0.850408306278
0.10316228057 0.89683771943
0.297950931932 0.702049068068
0.188170752044 0.811829247956
0.591199361007 0.408800638993/
0.0977671807779 0.902232819222
0.244879124217 0.755120875783
0.0756628261291 0.924337173871
0.0302720923549 0.969727907645
0.251207606558 0.748792393442
6.30889017512e-05 0.999936911098
0.175478804071 0.824521195929
0.0980524751006 0.901947524899
0.267929756932 0.732070243068
0.36343581756 0.63656418244
0.00143332449307 0.998566675507
0.00656557048083 0.993434429519
0.0851105726727 0.914889427327
0.164456415186 0.835543584814
0.0173724137967 0.982627586203
0.0211555504189 0.978844449581
0.00356646962221 0.996433530378
0.16879681149 0.83120318851
0.0329470384995 0.967052961501
0.10602420368 0.89397579632
0.0286091090111 0.971390890989
0.276302828006 0.723697171994
0.297939895918 0.702060104082
0.456726605327 0.543273394673
0.697751463167 0.302248536833/
0.451242797742 0.548757202258
0.0718107966584 0.928189203342
0.173055764774 0.826944235226
0.0092763391303 0.99072366087
0.0828612195115 0.917138780489
0.05749126125 0.94250873875
0.0714139507609 0.928586049239
0.655085784711 0.344914215289/
0.194803022623 0.805196977377
0.267667435802 0.732332564198
0.001643927071 0.998356072929
0.0806471284442 0.919352871556
0.17254862984 0.82745137016
0.0325256322924 0.967474367708
0.00213333117278 0.997866668827
0.0103302195658 0.989669780434
0.129935883985 0.870064116015
0.11828100795 0.88171899205
0.959776262199 0.0402237378008/
0.0913829662546 0.908617033745
0.10949083128 0.89050916872
0.0104681166855 0.989531883315
0.0456418960078 0.954358103992
0.0953429235207 0.904657076479
0.948124459544 0.0518755404559/
0.0314195489744 0.968580451026
0.00373386268845 0.996266137312
0.490700328141 0.509299671859
0.109345443207 0.890654556793
0.433182624687 0.566817375313
0.218461780496 0.781538219504
0.156083372824 0.843916627176
0.0269017105188 0.973098289481
0.851965686075 0.148034313925/
0.106759357607 0.893240642393
0.0851297807174 0.914870219283
0.0101099995761 0.989890000424
0.000906348991831 0.999093651008
0.432605051372 0.567394948628
0.427942416323 0.572057583677
0.0556632039177 0.944336796082
0.127845732409 0.872154267591
0.186531891495 0.813468108505
0.0470953644437 0.952904635556
0.0287727954339 0.971227204566
0.482332204161 0.517667795839
0.138534895393 0.861465104607
0.107075451337 0.892924548663
0.293379631795 0.706620368205
0.505496819141 0.494503180859/
0.267692302829 0.732307697171
0.00762321886404 0.992376781136
0.000937944970624 0.999062055029
0.430159124752 0.569840875248
0.0101694839868 0.989830516013
0.142907723131 0.857092276869
0.121237455903 0.878762544097
0.0898647766285 0.910135223371
0.131374889573 0.868625110427
0.0962225893391 0.903777410661
0.188280655252 0.811719344748
0.132504551756 0.867495448244
0.36343581756 0.63656418244
0.100922251309 0.899077748691
0.28874529174 0.71125470826
0.122008986962 0.877991013038
0.0013874225936 0.998612577406
1.18396196204e-05 0.99998816038
0.0033041153485 0.996695884652
0.152955063997 0.847044936003
0.181942927974 0.818057072026
0.29477956576 0.70522043424
0.0368102520274 0.963189747973
0.0314909172533 0.968509082747
0.267468157863 0.732531842137
0.233391391425 0.766608608575
0.133534463784 0.866465536216
0.405267195506 0.594732804494
0.135417154012 0.864582845988
0.053044747065 0.946955252935
0.220657901013 0.779342098987
0.336824132932 0.663175867068
0.157455965438 0.842544034562
0.253662489692 0.746337510308
0.0129088464679 0.987091153532
0.199057786011 0.800942213989
0.692802255241 0.307197744759/
0.0193603719855 0.980639628015
0.122215359246 0.877784640754
0.0147454139872 0.985254586013
0.00134475292677 0.998655247073
0.191747491021 0.808252508979
0.00253339919167 0.997466600808
0.439532226648 0.560467773352
0.0959651177095 0.904034882291
0.0700375510773 0.929962448923
0.441904538748 0.558095461252
0.0167204579605 0.98327954204
0.0128859352853 0.987114064715
0.156776988271 0.843223011729
0.0972882759039 0.902711724096
0.00236455165685 0.997635448343
0.0368275332197 0.96317246678
0.170741279504 0.829258720496
0.0158028925451 0.984197107455
0.0207451593373 0.979254840663
0.0452560689275 0.954743931073
0.567786850476 0.432213149524/
0.308391470097 0.691608529903
0.0420154242517 0.957984575748
0.00456185457517 0.995438145425
0.365661042445 0.634338957555
0.0798234517836 0.920176548216
0.193428408464 0.806571591536
0.283389684577 0.716610315423
0.0103680887741 0.989631911226
0.206080716722 0.793919283278
0.504553758623 0.495446241377/
0.0402718254011 0.959728174599
0.00740490035347 0.992595099647
0.335133745161 0.664866254839
0.254275823082 0.745724176918
0.159507426972 0.840492573028
0.076345557898 0.923654442102
0.140420211343 0.859579788657
0.645172656168 0.354827343832/
0.235322043325 0.764677956675
0.29477956576 0.70522043424
0.0810592424572 0.918940757543
0.0323127862692 0.967687213731
0.017306991615 0.982693008385
0.533101957956 0.466898042044/
0.211453578012 0.788546421988
0.0122548883202 0.98774511168
0.29477956576 0.70522043424
0.444343119063 0.555656880937
0.0067154473129 0.993284552687
0.0251138948865 0.974886105114
0.028209905925 0.971790094075
0.123724214197 0.876275785803
0.00792315203658 0.992076847963
3.72981463084e-05 0.999962701854
0.664502489666 0.335497510334/
0.0561783016348 0.943821698365
0.320589662895 0.679410337105
0.166203582973 0.833796417027
0.223567523951 0.776432476049
0.184144078256 0.815855921744
0.0515839354356 0.948416064564
0.139070496386 0.860929503614
0.250569633679 0.749430366321
0.0161639997899 0.98383600021
0.0719933860358 0.928006613964
0.00307006564075 0.996929934359
0.0938034534464 0.906196546554
0.161665343369 0.838334656631
0.012866839788 0.987133160212
0.0592008367322 0.940799163268
0.235322043325 0.764677956675
0.157987134228 0.842012865772
0.0914338871623 0.908566112838
0.0239964265632 0.976003573437
0.144276504786 0.855723495214
0.0810870257101 0.91891297429
0.180051916959 0.819948083041
0.00673123330701 0.993268766693
0.519614638849 0.480385361151/
0.348374671412 0.651625328588
0.448877443157 0.551122556843
0.891668829883 0.108331170117/
0.298132087264 0.701867912736
0.0551538146426 0.944846185357
0.106925699576 0.893074300424
0.00023871587189 0.999761284128
0.0013056241548 0.998694375845
0.104463324994 0.895536675006
0.782614267337 0.217385732663/
0.160698234594 0.839301765406
0.347020205921 0.652979794079
0.241461491834 0.758538508166
0.05749126125 0.94250873875
0.2034025062 0.7965974938
0.00490157672852 0.995098423271
0.636205534799 0.363794465201/
0.223057216403 0.776942783597
0.36343581756 0.63656418244
0.00179386059362 0.998206139406
0.228881590821 0.771118409179
0.195719337289 0.804280662711
0.305504312864 0.694495687136
0.160698234594 0.839301765406
0.00452825927649 0.995471740724
0.0801364914279 0.919863508572
0.0187763303976 0.981223669602
0.467921870668 0.532078129332
0.00312839412544 0.996871605875
0.0187095006518 0.981290499348
0.169624988906 0.830375011094
0.202883400629 0.797116599371
0.0103549580996 0.9896450419
0.0850366622227 0.914963337777
0.216752242611 0.783247757389
0.627829428277 0.372170571723/
0.639011780276 0.360988219724/
0.0208353475008 0.979164652499
0.22004046603 0.77995953397
0.254535271582 0.745464728418
0.158809628014 0.841190371986
0.422998395548 0.577001604452
0.00685013860627 0.993149861394
0.133721479293 0.866278520707
0.0532287599215 0.946771240078
0.0701620963367 0.929837903663
0.0215848366289 0.978415163371
0.70109406967 0.29890593033/
0.00970310157861 0.990296898421
0.568324862508 0.431675137492/
0.0231517254101 0.97684827459
0.00112949050462 0.998870509495
0.0022025339382 0.997797466062
0.151000538712 0.848999461288
0.517395505427 0.482604494573/
0.0969271099946 0.903072890005
0.567956406805 0.432043593195/
0.232642864743 0.767357135257
0.00593656830686 0.994063431693
0.12448743423 0.87551256577
0.472559243381 0.527440756619
0.0550894152066 0.944910584793
0.0343960846514 0.965603915349
0.0699191595284 0.930080840472
0.0232102531063 0.976789746894
0.186531891495 0.813468108505
0.000905883279548 0.99909411672
0.780565971478 0.219434028522/
0.417016443436 0.582983556564
0.00385937432411 0.996140625676
0.0363473017487 0.963652698251
0.0347178687884 0.965282131212
0.238133232359 0.761866767641
0.151432790332 0.848567209668
0.0463065833364 0.953693416664
0.0885382054227 0.911461794577
0.208577227349 0.791422772651
0.809051691014 0.190948308986/
0.0113173143585 0.988682685641
0.236608312557 0.763391687443
0.56264044994 0.43735955006/
0.155258271329 0.844741728671
0.00748024637026 0.99251975363
0.265306539911 0.734693460089
0.00693331472203 0.993066685278
0.03736978546 0.96263021454
0.157894172814 0.842105827186
0.629188777299 0.370811222701/
0.238126110821 0.761873889179
0.0822313076543 0.917768692346
0.331013490491 0.668986509509
0.0882459832295 0.911754016771
0.0896838155501 0.91031618445
0.140992007897 0.859007992103
0.36343581756 0.63656418244
0.169833566973 0.830166433027
0.107920936653 0.892079063347
0.325789002775 0.674210997225
0.0436387733691 0.956361226631
0.306504993027 0.693495006973
0.998746969162 0.00125303083819
0.7160823257 0.2839176743
0.972573156087 0.0274268439129
0.99734315621 0.00265684378996
0.999438865788 0.000561134211788
0.834213162947 0.165786837053
0.89028910912 0.10971089088
0.351803012562 0.648196987438/
0.707260233153 0.292739766847
0.992982871577 0.00701712842324
0.652114412763 0.347885587237
0.964899585586 0.0351004144144
0.999795647939 0.000204352060528
0.987837603751 0.0121623962494
0.790674441872 0.209325558128
0.866097911252 0.133902088748
0.982990744181 0.0170092558192
0.96448516361 0.0355148363905
0.887989243045 0.112010756955
0.848856343062 0.151143656938
0.926245926018 0.0737540739818
0.996754909365 0.00324509063529
0.991235607529 0.00876439247091
0.875103993463 0.124896006537
0.97856590748 0.02143409252
0.927576880871 0.0724231191292
0.994132153328 0.00586784667241
0.993981816567 0.00601818343311
0.111672162001 0.888327837999/
0.986369870016 0.0136301299836
0.740347865905 0.259652134095
0.0244249755475 0.975575024452/
0.999287984799 0.000712015200782
0.975398665464 0.0246013345363
0.686637093902 0.313362906098
0.998693645356 0.00130635464397
0.992181843338 0.00781815666224
0.740347865905 0.259652134095
0.41477771288 0.58522228712/
0.721832574281 0.278167425719
0.835301281427 0.164698718573
0.948140363859 0.0518596361414
0.975350183735 0.0246498162651
0.970883309695 0.0291166903048
0.849670877317 0.150329122683
0.992429150868 0.00757084913179
0.942029128031 0.0579708719693
0.999950640096 4.93599037914e-05
0.800988786627 0.199011213373
0.711225123304 0.288774876696
0.933699838065 0.0663001619355
0.82019255914 0.17980744086
0.897264460559 0.102735539441
0.536945559235 0.463054440765
0.543097713704 0.456902286296
0.984562285526 0.0154377144737
0.981014699242 0.0189853007582
0.99642603322 0.00357396678007
0.934588476365 0.0654115236346
0.638463966674 0.361536033326
0.777503114488 0.222496885512
0.0952132157827 0.904786784217/
0.379541361697 0.620458638303/
0.835535251269 0.164464748731
0.856226611033 0.143773388967
0.824505317053 0.175494682947
0.999798090571 0.000201909428912
0.999321306359 0.0006786936409
0.999425900195 0.00057409980544
0.978324921472 0.0216750785276
0.972638356922 0.027361643078
0.918387339931 0.0816126600695
0.966883850989 0.0331161490106
0.438233829569 0.561766170431/
0.992909782847 0.00709021715337
0.997981924676 0.00201807532376
0.987633171902 0.0123668280981
0.987713545471 0.0122864545293
0.984070226741 0.0159297732585
0.781320253889 0.218679746111
0.491162798438 0.508837201562/
0.874385234479 0.125614765521
0.891127544096 0.108872455904
0.837318977031 0.162681022969
0.992855317358 0.00714468264225
0.996023917263 0.00397608273737
0.96847508137 0.0315249186303
0.852934365378 0.147065634622
0.999937772901 6.22270986899e-05
0.139915033209 0.860084966791/
0.999965667055 3.43329450218e-05
0.941533355902 0.0584666440982
0.721537027451 0.278462972549
0.937238636523 0.0627613634767
0.719613341782 0.280386658218
0.0067608468893 0.993239153111/
0.782162214736 0.217837785264
0.97944231254 0.02055768746
0.995961921764 0.00403807823589
0.954020852475 0.045979147525
0.999996186211 3.81378856362e-06
0.940471479766 0.0595285202343
0.996658699148 0.00334130085196
0.911306666686 0.0886933333138
0.987619734479 0.0123802655211
0.999763200848 0.000236799152495
0.985575194834 0.0144248051657
0.994567451827 0.00543254817255
0.937155936773 0.0628440632267
0.55531455603 0.44468544397
0.992669143975 0.00733085602473
0.999944779255 5.52207446504e-05
0.999689815568 0.000310184431829
0.903957436221 0.0960425637789
0.708793592668 0.291206407332
0.996998266927 0.00300173307297
0.777724391721 0.222275608279
0.979671934463 0.0203280655369
0.966564477727 0.0334355222726
0.713761068035 0.286238931965
0.989607650797 0.0103923492028
0.28791387556 0.71208612444/
0.998981342906 0.00101865709437
0.29477956576 0.70522043424/
0.985964231813 0.0140357681869
0.878325033186 0.121674966814
0.585142897156 0.414857102844
0.99822144915 0.00177855085031
0.959441800318 0.0405581996819
0.887812662636 0.112187337364
0.992802239551 0.00719776044917
0.97929644664 0.02070355336
0.109387042806 0.890612957194/
0.555707906801 0.444292093199
0.78540305136 0.21459694864
0.835902887729 0.164097112271
0.998382457403 0.00161754259703
0.996928249268 0.00307175073164
0.202209258132 0.797790741868/
0.999701508249 0.000298491751042
0.993345344153 0.00665465584703
0.999969930224 3.00697756414e-05
0.990156712834 0.00984328716596
0.255272162407 0.744727837593/
0.886006573309 0.113993426691
0.19584875913 0.80415124087/
0.997002996605 0.00299700339483
0.757402241109 0.242597758891
0.965538620168 0.0344613798323
0.910800133906 0.0891998660939
0.998327434456 0.00167256554438
0.822753517826 0.177246482174
0.991188479968 0.0088115200323
0.999732984415 0.000267015584895
0.743819135316 0.256180864684
0.997801903456 0.00219809654381
0.787871736028 0.212128263972
0.999973780845 2.62191546658e-05
0.992580991823 0.00741900817725
0.986508701648 0.0134912983522
0.565649285989 0.434350714011
0.966243830166 0.0337561698344
0.978647563798 0.0213524362016
0.998463576822 0.00153642317827
0.846765774538 0.153234225462
0.29477956576 0.70522043424/
0.994338224226 0.00566177577414
0.886634361249 0.113365638751
0.768506422066 0.231493577934
0.956350188772 0.0436498112279
0.332883898484 0.667116101516/
0.775894101294 0.224105898706
0.496837666698 0.503162333302/
0.998510182641 0.00148981735894
0.999052649642 0.000947350357973
0.792768196183 0.207231803817
0.809382617327 0.190617382673
0.0120490338508 0.987950966149/
0.991683212406 0.00831678759441
0.901061643847 0.0989383561528
0.841116818255 0.158883181745
0.862005945127 0.137994054873
0.203373785772 0.796626214228/
0.679487677916 0.320512322084
0.747070995322 0.252929004678
0.981420460712 0.0185795392882
0.977187778335 0.0228122216653
0.0731413691864 0.926858630814/
0.997320141418 0.00267985858172
0.999992684753 7.31524695863e-06
0.99740608389 0.00259391610956
0.995888406667 0.0041115933327
0.934090320511 0.0659096794895
0.998831449943 0.00116855005708
0.99989205765 0.000107942349517
0.97983555917 0.0201644408298
0.976075763423 0.0239242365772
0.996412771931 0.00358722806928
0.930863655322 0.0691363446781
0.884933596676 0.115066403324
0.985285908595 0.0147140914053
0.999713518685 0.000286481314883
0.999503908241 0.000496091758546
0.979208202469 0.0207917975307
0.785629784627 0.214370215373
0.999892652504 0.00010734749615
0.8940638608 0.1059361392
0.34432388315 0.65567611685/
0.36343581756 0.63656418244/
0.908464664266 0.0915353357344
0.36343581756 0.63656418244/
0.606178282036 0.393821717964
0.740347865905 0.259652134095
0.999838606096 0.000161393904399
0.930769694673 0.069230305327
0.881048730482 0.118951269518
0.821450986589 0.178549013411
0.999939411052 6.05889484926e-05
0.970129942303 0.0298700576966
0.26244927026 0.73755072974/
0.0514988586618 0.948501141338/
0.926498483884 0.0735015161156
0.707440169377 0.292559830623
0.960018568329 0.0399814316712
0.931225540281 0.0687744597194
0.590830176899 0.409169823101
0.996698919444 0.00330108055643
0.961905794097 0.0380942059027
0.53199672833 0.46800327167
0.99885689901 0.00114310099021
0.98198557859 0.0180144214096
0.85943741068 0.14056258932
0.996643941286 0.00335605871444
0.852934365378 0.147065634622
0.413117588322 0.586882411678/
0.730975775463 0.269024224537
0.997633112851 0.00236688714858
0.999969451459 3.05485405888e-05
0.98374655441 0.0162534455899
0.999173660739 0.000826339261022
0.841533097404 0.158466902596
0.735212994693 0.264787005307
0.999847688589 0.000152311411348
0.639572507152 0.360427492848
0.977218559105 0.0227814408947
0.545745836349 0.454254163651
0.853058074842 0.146941925158
0.90047717019 0.0995228298102
0.990093138567 0.00990686143302
0.997490607997 0.00250939200306
0.852934365378 0.147065634622
0.991220325441 0.00877967455855
0.644085623334 0.355914376666
0.182212052404 0.817787947596/
0.829711417802 0.170288582198
0.495650697293 0.504349302707/
0.608418524965 0.391581475035
0.905031405569 0.0949685944312
0.832684031846 0.167315968154
0.900096085971 0.0999039140291
0.909520561506 0.0904794384943
0.99597079403 0.00402920597034
0.448708788064 0.551291211936/
0.167455625764 0.832544374236/
0.990557272416 0.00944272758412
0.999489509595 0.000510490405038
0.983601845121 0.0163981548791
0.436665452368 0.563334547632/
0.967488488351 0.0325115116495
0.996972618837 0.00302738116303
0.84383625714 0.15616374286
0.999999389147 6.10853263416e-07
0.635506789929 0.364493210071
0.974940159793 0.0250598402072
0.999999754508 2.45492373652e-07
0.960653764914 0.0393462350862
0.83073738267 0.16926261733
0.940447320275 0.0595526797251
0.991146432744 0.00885356725636
0.935767876563 0.0642321234369
0.716550644577 0.283449355423
0.74058258668 0.25941741332
0.579334425972 0.420665574028
0.877111287234 0.122888712766
0.922155239289 0.0778447607109
0.960770012967 0.039229987033
0.999250082821 0.000749917179107
0.864812328773 0.135187671227
0.993317381339 0.0066826186609
0.743416509087 0.256583490913
0.812638291752 0.187361708248
0.36343581756 0.63656418244/
0.170918115999 0.829081884001/
0.970890711826 0.0291092881742
0.916391254923 0.0836087450775
0.636385382574 0.363614617426
0.790779048692 0.209220951308
0.996369603366 0.00363039663387
0.503124009873 0.496875990127
0.613737438195 0.386262561805
