0.114192533089 0.885807466911
0.00690416344263 0.993095836557
2.5735104043e-06 0.99999742649
0.251729784613 0.748270215387
0.112802760211 0.887197239789
0.171544563136 0.828455436864
0.218969228461 0.781030771539
0.434755755503 0.565244244497
0.1060529507 0.8939470493
0.224831099684 0.775168900316
0.0822744162926 0.917725583707
0.0938215106037 0.906178489396
0.292271197432 0.707728802568
0.000389161458329 0.999610838542
0.130407052536 0.869592947464
0.139131825084 0.860868174916
0.35089739035 0.64910260965
0.349494370978 0.650505629022
1.23965169459e-06 0.999998760348
0.000520197165954 0.999479802834
0.302588319215 0.697411680785
0.462957421552 0.537042578448
0.0443679212593 0.955632078741
0.372349927356 0.627650072644
0.0057911473241 0.994208852676
0.137426605905 0.862573394095
0.0100669168637 0.989933083136
0.163921592954 0.836078407046
0.0365301871266 0.963469812873
0.251058678057 0.748941321943
0.117478503753 0.882521496247
0.546775438631 0.453224561369/
0.945034662027 0.0549653379731/
0.5235342523 0.4764657477/
0.126289236916 0.873710763084
0.203909852597 0.796090147403
0.000382815147974 0.999617184852
0.0880099084289 0.911990091571
0.0320816850361 0.967918314964
0.101365394002 0.898634605998
0.538506728785 0.461493271215/
0.214281487952 0.785718512048
0.367845084355 0.632154915645
0.000715449555109 0.999284550445
0.0994443374167 0.900555662583
0.253077935576 0.746922064424
0.0125501396454 0.987449860355
0.00877869873149 0.991221301269
0.00372648650807 0.996273513492
0.115693748489 0.884306251511
0.0836891666287 0.916310833371
0.917833286294 0.0821667137057/
0.665084645922 0.334915354078/
0.0604077064164 0.939592293584
0.0246019197903 0.97539808021
0.0474521876708 0.952547812329
0.0552683385147 0.944731661485
0.94336858081 0.05663141919/
0.105407967602 0.894592032398
8.94207729426e-05 0.999910579227
0.517999629194 0.482000370806/
0.0806822169056 0.919317783094
0.684846633915 0.315153366085/
0.249821128989 0.750178871011
0.0561437090962 0.943856290904
0.146221615922 0.853778384078
0.65305593491 0.34694406509/
0.109593936189 0.890406063811
0.0895642407727 0.910435759227
0.00548399412235 0.994516005878
0.00641177812747 0.993588221873
0.186906188467 0.813093811533
0.224840903972 0.775159096028
0.271734943082 0.728265056918
0.0150955004839 0.984904499516
0.146445433549 0.853554566451
0.0530239510301 0.94697604897
0.038543182692 0.961456817308
0.0540166671381 0.945983332862
0.0829938567685 0.917006143232
0.253375206002 0.746624793998
0.0308994820129 0.969100517987
0.879725264057 0.120274735943/
0.274612965089 0.725387034911
0.00817729690332 0.991822703097
0.00340060925549 0.996599390745
0.241290060464 0.758709939536
0.0424277741484 0.957572225852
0.136589781504 0.863410218496
0.140671469994 0.859328530006
0.220916658289 0.779083341711
0.047632205906 0.952367794094
0.0826608577974 0.917339142203
0.15830722448 0.84169277552
0.0631974262978 0.936802573702
0.349494370978 0.650505629022
0.378909067513 0.621090932487
0.217082468713 0.782917531287
0.12297221842 0.87702778158
0.00303452103632 0.996965478964
0.0086152706274 0.991384729373
0.00343528719904 0.996564712801
0.127807471144 0.872192528856
0.0842157062899 0.91578429371
0.0978482416256 0.902151758374
0.0848434328431 0.915156567157
0.000926100925324 0.999073899075
0.778246192756 0.221753807244/
9.21521657953e-05 0.999907847834
0.0791039411386 0.920896058861
0.00187636630309 0.998123633697
0.483736064149 0.516263935851
0.0196704801137 0.980329519886
0.00846270068358 0.991537299316
0.571659770748 0.428340229252/
0.106590450992 0.893409549008
0.000330703028838 0.999669296971
0.0126294685549 0.987370531445
0.0116808199371 0.988319180063
0.0342596219607 0.965740378039
0.090054899877 0.909945100123
0.35919813834 0.64080186166
0.0139762978235 0.986023702176
0.0645728553064 0.935427144694
0.227172605639 0.772827394361
0.029784539084 0.970215460916
0.282030787603 0.717969212397
0.0638398295664 0.936160170434
0.196852732325 0.803147267675
0.934718311678 0.0652816883222/
0.282647476436 0.717352523564
0.116019549059 0.883980450941
0.00273545788739 0.997264542113
0.218969228461 0.781030771539
0.0780229457366 0.921977054263
0.433138810802 0.566861189198
0.101365394002 0.898634605998
0.258046430961 0.741953569039
0.00680804595514 0.993191954045
0.235064013238 0.764935986762
0.374723781159 0.625276218841
0.57453102868 0.42546897132/
0.346169002807 0.653830997193
0.118666522527 0.881333477473
0.138289718898 0.861710281102
0.0464506151421 0.953549384858
0.349494370978 0.650505629022
0.0525355504863 0.947464449514
0.119563248372 0.880436751628
0.432261527573 0.567738472427
0.821792589823 0.178207410177/
0.0851903280867 0.914809671913
0.000657131812069 0.999342868188
0.139059941539 0.860940058461
0.563907537563 0.436092462437/
0.0740272228014 0.925972777199
0.0254963219674 0.974503678033
0.167211142767 0.832788857233
0.00019658284944 0.999803417151
0.59882113618 0.40117886382/
0.116532660986 0.883467339014
4.94823891146e-05 0.999950517611
0.000310143378635 0.999689856621
0.105025055617 0.894974944383
0.0740074919265 0.925992508074
0.00265469781023 0.99734530219
0.845628127241 0.154371872759/
0.349494370978 0.650505629022
0.236416388983 0.763583611017
0.888038812237 0.111961187763/
0.000664195575682 0.999335804424
0.384433343063 0.615566656937
0.182476854431 0.817523145569
0.0374090475382 0.962590952462
0.00156575751446 0.998434242486
0.0598270742112 0.940172925789
0.0160892567501 0.98391074325
0.00978521649168 0.990214783508
0.284303031489 0.715696968511
0.00829496328036 0.99170503672
0.0918805389539 0.908119461046
0.423377987897 0.576622012103
0.286456486591 0.713543513409
0.0184467517158 0.981553248284
0.349494370978 0.650505629022
0.336043951665 0.663956048335
0.0180306225861 0.981969377414
0.0885469036767 0.911453096323
0.124353765778 0.875646234222
0.241612156809 0.758387843191
0.0960561856946 0.903943814305
0.0258984537405 0.97410154626
0.0239684706669 0.976031529333
0.441976749724 0.558023250276
0.280419337957 0.719580662043
0.0712960202726 0.928703979727
0.203071769983 0.796928230017
0.0138000815912 0.986199918409
0.117139515925 0.882860484075
0.00477357159205 0.995226428408
0.0212555872865 0.978744412713
0.0927608650567 0.907239134943
0.00159818085532 0.998401819145
0.0733935363954 0.926606463605
0.000137916477089 0.999862083523
0.445495255267 0.554504744733
0.0599393589296 0.94006064107
0.509159428391 0.490840571609/
0.013132625884 0.986867374116
0.522717883546 0.477282116454/
0.114794785581 0.885205214419
0.00828512685041 0.99171487315
0.408197423407 0.591802576593
0.407745721534 0.592254278466
0.0349928912814 0.965007108719
0.109472458054 0.890527541946
0.00362407516992 0.99637592483
0.561270578122 0.438729421878/
0.0540955150926 0.945904484907
0.243648481723 0.756351518277
0.00392411746776 0.996075882532
0.18409878133 0.81590121867
0.0705862573705 0.92941374263
0.074886590078 0.925113409922
0.0284302560548 0.971569743945
0.186654761744 0.813345238256
0.7713946774 0.2286053226/
0.192715489007 0.807284510993
0.0392289517634 0.960771048237
0.471726952881 0.528273047119
0.05838803618 0.94161196382
0.00854481578952 0.99145518421
0.00366913072651 0.996330869273
0.000705519740275 0.99929448026
0.149308341927 0.850691658073
0.251058678057 0.748941321943
0.0801417333495 0.919858266651
0.014741327136 0.985258672864
0.00241460002996 0.99758539997
0.980974872596 0.0190251274039/
0.00757410091092 0.992425899089
0.476300568796 0.523699431204
0.352915626339 0.647084373661
0.000222928243023 0.999777071757
0.00790126175292 0.992098738247
0.167202726541 0.832797273459
0.00679107663163 0.993208923368
0.030314094311 0.969685905689
0.0213719787876 0.978628021212
0.683569352579 0.316430647421/
0.200693463093 0.799306536907
0.536917921272 0.463082078728/
0.0809975359762 0.919002464024
0.997943372721 0.00205662727885/
0.858373301584 0.141626698416/
4.26184940339e-07 0.999999573815
0.620402392931 0.379597607069/
0.563116275163 0.436883724837/
0.0142271581642 0.985772841836
0.0494522971202 0.95054770288
0.349494370978 0.650505629022
0.199487339248 0.800512660752
0.0976600975086 0.902339902491
0.243648481723 0.756351518277
0.329976913383 0.670023086617
0.127281095853 0.872718904147
0.113782942286 0.886217057714
0.557095834809 0.442904165191/
0.476164920698 0.523835079302
0.0719125920029 0.928087407997
0.0785397229038 0.921460277096
0.737482016852 0.262517983148/
0.13594488245 0.86405511755
0.0791039411386 0.920896058861
0.174807900112 0.825192099888
0.190722735641 0.809277264359
0.26270123849 0.73729876151
0.165401956647 0.834598043353
0.180302770423 0.819697229577
0.0917557983543 0.908244201646
0.34755668196 0.65244331804
0.00813360630495 0.991866393695
0.252206360028 0.747793639972
0.201908623993 0.798091376007
0.408330835877 0.591669164123
0.18409635727 0.81590364273
0.110608302844 0.889391697156
0.360632145055 0.639367854945
0.276900469268 0.723099530732
0.333720363921 0.666279636079
0.020873062889 0.979126937111
0.24323237626 0.75676762374
0.0113197225435 0.988680277457
0.227740611157 0.772259388843
0.226528882703 0.773471117297
0.0575113147273 0.942488685273
0.154708564106 0.845291435894
0.393896010325 0.606103989675
0.131524470472 0.868475529528
0.00234540378653 0.997654596213
0.0685374640421 0.931462535958
0.251058678057 0.748941321943
0.507599311733 0.492400688267/
0.164813031408 0.835186968592
0.115693748489 0.884306251511
0.243138143723 0.756861856277
0.172466204762 0.827533795238
0.0108583789701 0.98914162103
0.156547756893 0.843452243107
0.349494370978 0.650505629022
0.372533244187 0.627466755813
0.197873912029 0.802126087971
0.00187448786605 0.998125512134
7.87382854369e-06 0.999992126171
0.00848400698503 0.991515993015
0.119352013721 0.880647986279
0.0172530801101 0.98274691989
0.349494370978 0.650505629022
0.0043404650617 0.995659534938
0.199000011501 0.800999988499
0.022379122553 0.977620877447
0.277059508142 0.722940491858
0.123668278828 0.876331721172
0.0551248970378 0.944875102962
0.157339226158 0.842660773842
0.398553129507 0.601446870493
5.09264151732e-05 0.999949073585
0.171784287772 0.828215712228
0.00668869334623 0.993311306654
0.0759452728955 0.924054727104
0.101626318544 0.898373681456
0.0650660316065 0.934933968393
0.442466256908 0.557533743092
0.956084182189 0.0439158178111/
0.0836891666287 0.916310833371
0.184314511636 0.815685488364
0.236908374985 0.763091625015
0.0895642407727 0.910435759227
0.0555300899114 0.944469910089
0.176649662351 0.823350337649
0.00611496441961 0.99388503558
0.013290617221 0.986709382779
0.105722494553 0.894277505447
0.00020228504335 0.999797714957
0.290308262366 0.709691737634
0.0400584798903 0.95994152011
0.543964716185 0.456035283815/
0.284892345203 0.715107654797
0.342585553639 0.657414446361
0.0516839743032 0.948316025697
0.324761056618 0.675238943382
0.19793010424 0.80206989576
0.235813131552 0.764186868448
0.453844730938 0.546155269062
0.00575210002242 0.994247899978
1.83879124135e-06 0.999998161209
0.0982637649262 0.901736235074
0.73527009756 0.26472990244/
0.299896445911 0.700103554089
0.100244038665 0.899755961335
0.101365394002 0.898634605998
0.396800364108 0.603199635892
0.349494370978 0.650505629022
0.0964188478294 0.903581152171
0.0247718125904 0.97522818741
0.0733935363954 0.926606463605
0.0499545826762 0.950045417324
0.139291020616 0.860708979384
0.115693748489 0.884306251511
9.71298598401e-05 0.99990287014
0.0426867481717 0.957313251828
0.00127566999266 0.998724330007
0.0678121527623 0.932187847238
0.0123295620043 0.987670437996
0.157441851707 0.842558148293
0.191482872658 0.808517127342
0.364572663156 0.635427336844
0.0147595580027 0.985240441997
0.112802760211 0.887197239789
0.127378589857 0.872621410143
0.017246156673 0.982753843327
0.813187492104 0.186812507896/
0.237939461194 0.762060538806
0.00798670243384 0.992013297566
0.386829431347 0.613170568653
0.00348761352715 0.996512386473
0.0593106654111 0.940689334589
0.094217890964 0.905782109036
0.0348095011678 0.965190498832
0.349494370978 0.650505629022
0.0133241948004 0.9866758052
0.0791039411386 0.920896058861
0.230220793246 0.769779206754
0.418593784097 0.581406215903
0.730170641748 0.269829358252/
0.14967468356 0.85032531644
0.906928303013 0.0930716969872
0.00358414187899 0.996415858121
0.0226681152364 0.977331884764
0.503349862021 0.496650137979/
0.0759513155656 0.924048684434
0.253382327202 0.746617672798
0.316583467761 0.683416532239
0.0469406253202 0.95305937468
0.633696120375 0.366303879625/
0.263656338667 0.736343661333
0.2941769666 0.7058230334
0.391143777868 0.608856222132
0.002592816822 0.997407183178
0.518476452117 0.481523547883/
0.00490387089404 0.995096129106
0.349494370978 0.650505629022
0.107530908151 0.892469091849
0.00149765890872 0.998502341091
0.156795639032 0.843204360968
0.100259652339 0.899740347661
0.27730208518 0.72269791482
0.0067158380819 0.993284161918
0.00082073094075 0.999179269059
0.439822239349 0.560177760651
0.810573666475 0.189426333525/
0.0895642407727 0.910435759227
0.428357836972 0.571642163028
0.0648830383258 0.935116961674
0.406744666914 0.593255333086
0.960019180729 0.039980819271
0.935113120576 0.0648868794241
0.801766049762 0.198233950238
0.507702676018 0.492297323982
0.983831545927 0.0161684540727
0.999785438475 0.000214561524613
0.349494370978 0.650505629022/
0.405437528428 0.594562471572/
0.997340672359 0.00265932764075
0.997854731093 0.00214526890664
0.999542189031 0.00045781096897
0.815125430926 0.184874569074
0.272946662008 0.727053337992/
0.676888679946 0.323111320054
0.905141217386 0.0948587826139
0.792276516365 0.207723483635
0.404463238866 0.595536761134/
0.708647087231 0.291352912769
0.770410920751 0.229589079249
0.488726101135 0.511273898865/
0.992918667187 0.00708133281271
0.791252003279 0.208747996721
0.940814549532 0.0591854504685
0.999943868646 5.61313537679e-05
0.694343402053 0.305656597947
0.407428723282 0.592571276718/
0.998895197496 0.00110480250407
0.669299685553 0.330700314447
0.287878654355 0.712121345645/
0.997563758265 0.00243624173532
0.461009437919 0.538990562081/
0.856366117253 0.143633882747
0.9938703114 0.00612968859959
0.962480944146 0.0375190558538
0.999948210201 5.17897988501e-05
0.994705903265 0.00529409673498
0.997626470759 0.00237352924055
0.972565680158 0.027434319842
0.881419607697 0.118580392303
0.845780343769 0.154219656231
0.87765440023 0.12234559977
0.865884197651 0.134115802349
0.919980827867 0.0800191721332
0.830030469071 0.169969530929
0.994609690735 0.00539030926487
0.999137387996 0.00086261200357
0.9533144432 0.0466855567996
0.999791113668 0.00020888633168
0.995694069881 0.0043059301191
0.902090300782 0.0979096992178
0.882708411973 0.117291588027
0.828267475985 0.171732524015
0.999899114379 0.000100885621093
0.770812665224 0.229187334776
0.810381901114 0.189618098886
0.992196736706 0.00780326329388
0.742453699734 0.257546300266
0.997765393918 0.00223460608152
0.95621854994 0.0437814500604
0.364572663156 0.635427336844/
0.57354486792 0.42645513208
0.610381637069 0.389618362931
0.994140687207 0.00585931279276
0.962986603292 0.037013396708
0.94249165492 0.0575083450796
0.983895056283 0.0161049437166
0.961125704132 0.038874295868
0.902729020497 0.0972709795025
0.942082480583 0.0579175194175
0.887575912205 0.112424087795
0.985877462375 0.0141225376249
0.956125330918 0.0438746690823
0.994381670422 0.00561832957838
0.530991126633 0.469008873367
0.998978758284 0.00102124171614
0.934783883662 0.0652161163378
0.999130834881 0.000869165119302
0.999942762191 5.72378085466e-05
0.591676283005 0.408323716995
0.999763867628 0.000236132371506
0.999403198386 0.000596801614455
0.917870301011 0.0821296989892
0.99776023761 0.00223976238989
0.9439436793 0.0560563207
0.980050922477 0.0199490775229
0.840073264569 0.159926735431
0.905141217386 0.0948587826139
0.999769060262 0.000230939737528
0.721182257385 0.278817742615
0.349494370978 0.650505629022/
0.999998846164 1.15383550114e-06
0.946079320657 0.0539206793431
0.875439579607 0.124560420393
0.92870376244 0.0712962375598
0.447213886143 0.552786113857/
0.927914299691 0.0720857003087
0.997955763317 0.0020442366825
0.180702242212 0.819297757788/
0.980476031644 0.0195239683564
0.989499509055 0.0105004909449
0.980184444113 0.0198155558867
0.995799989106 0.00420001089389
0.546775438631 0.453224561369
0.999944971946 5.50280537509e-05
0.667911623154 0.332088376846
0.980722092569 0.0192779074309
0.980967658929 0.0190323410714
0.995708806336 0.00429119366416
0.971588314549 0.0284116854509
0.999982874592 1.71254079061e-05
0.99939063005 0.000609369949839
0.970389388804 0.0296106111961
0.990886083511 0.00911391648887
0.968212510789 0.0317874892113
0.52160086445 0.47839913555
0.98994628927 0.0100537107304
0.95726201095 0.0427379890505
0.685958444053 0.314041555947
0.995814823756 0.00418517624399
0.972782529332 0.0272174706675
0.989628139739 0.010371860261
0.862488772965 0.137511227035
0.985286621882 0.0147133781179
0.974116131603 0.0258838683974
0.995123217816 0.0048767821842
0.998945470519 0.00105452948086
0.978414532144 0.0215854678564
0.953232728939 0.0467672710612
0.985102166448 0.0148978335519
0.980674586321 0.019325413679
0.917081700579 0.0829182994212
0.957326675727 0.042673324273
0.424506298078 0.575493701922/
0.942680573731 0.0573194262691
0.84783013731 0.15216986269
0.916676037067 0.0833239629327
0.22679851584 0.77320148416/
0.928109490518 0.0718905094821
0.976619159007 0.023380840993
0.999683035302 0.000316964698365
0.995188125485 0.00481187451507
0.821501774397 0.178498225603
0.763986499716 0.236013500284
0.995976822412 0.00402317758751
0.988460736622 0.011539263378
0.897737950929 0.102262049071
0.999956987318 4.30126823079e-05
0.291501923925 0.708498076075/
0.994507058673 0.00549294132739
0.774246636879 0.225753363121
0.999737641709 0.000262358290876
0.349494370978 0.650505629022/
0.0966305476701 0.90336945233/
0.919440352115 0.0805596478852
0.89927651324 0.10072348676
0.795994152204 0.204005847796
0.875316586319 0.124683413681
0.821816243006 0.178183756994
0.919956049044 0.0800439509562
0.184592233913 0.815407766087/
0.936750605461 0.0632493945388
0.838255729331 0.161744270669
0.970635361595 0.0293646384051
0.595506326781 0.404493673219
0.999950279385 4.97206151492e-05
0.979614765307 0.0203852346929
0.710752546654 0.289247453346
0.974205321624 0.0257946783759
0.407499721754 0.592500278246/
0.456343454049 0.543656545951/
0.974601698209 0.0253983017909
0.612856128003 0.387143871997
0.328631539842 0.671368460158/
0.990392297409 0.00960770259112
0.742655122051 0.257344877949
0.9697616599 0.0302383400997
0.875679852566 0.124320147434
0.997533130901 0.00246686909913
0.96982406271 0.0301759372899
0.980237773716 0.0197622262835
0.906918665882 0.0930813341181
0.997423525172 0.00257647482807
0.989720300333 0.0102796996665
0.980216657603 0.0197833423972
0.236544302144 0.763455697856/
0.926540570763 0.0734594292374
0.501710693257 0.498289306743
0.969537135138 0.0304628648619
0.991635750738 0.00836424926217
0.586683651034 0.413316348966
0.722647362933 0.277352637067
0.999671545987 0.000328454013257
0.987550254434 0.0124497455661
0.993845789149 0.00615421085099
0.0610456312987 0.938954368701/
0.329964706376 0.670035293624/
0.996771455426 0.00322854457379
0.999938997426 6.10025739978e-05
0.999951990128 4.80098723868e-05
0.848952567663 0.151047432337
0.976242923921 0.0237570760787
0.941412558769 0.0585874412313
0.993075255756 0.00692474424402
0.999914527515 8.54724848907e-05
0.302192051068 0.697807948932/
0.67146702927 0.32853297073
0.97589898324 0.02410101676
0.98060064703 0.0193993529698
0.349494370978 0.650505629022/
0.968644189694 0.0313558103056
0.908937036858 0.091062963142
0.998367721346 0.00163227865399
0.999436593643 0.000563406357264
0.934277072306 0.065722927694
0.999969318109 3.06818907264e-05
0.00580306624862 0.99419693375/1
0.912537623788 0.0874623762118
0.901515404916 0.0984845950842
0.759248594286 0.240751405714
0.99838815136 0.00161184864003
0.999763136201 0.000236863798551
0.999048576708 0.000951423292331
0.655533246033 0.344466753967
0.452072549217 0.547927450783/
0.970140388599 0.0298596114011
0.152658449324 0.847341550676/
0.886588315893 0.113411684107
0.430964877655 0.569035122345/
0.978453741964 0.0215462580362
0.990445691376 0.00955430862448
0.982282901094 0.0177170989058
0.875679852566 0.124320147434
0.906884724079 0.0931152759207
0.999448759805 0.000551240195241
0.991881781404 0.00811821859642
0.920409916376 0.079590083624
0.966761504832 0.0332384951683
0.914351278419 0.0856487215806
0.99799611895 0.00200388104973
0.981521567053 0.0184784329472
0.957325565366 0.0426744346336
0.988232274273 0.0117677257272
0.277482844613 0.722517155387/
0.989103262438 0.0108967375616
0.299561203275 0.700438796725/
0.646492294427 0.353507705573
0.990071595808 0.00992840419197
0.718558363036 0.281441636964
0.517273570681 0.482726429319
0.473623599847 0.526376400153/
0.691128449071 0.308871550929
0.855428834328 0.144571165672
0.987238664461 0.0127613355395
0.999753396913 0.000246603086899
0.995036869428 0.00496313057196
0.806002057687 0.193997942313
0.526703641806 0.473296358194
0.865808255745 0.134191744255
0.263723102858 0.736276897142/
0.86863970491 0.13136029509
0.712985680289 0.287014319711
0.986341986021 0.0136580139792
0.994349642484 0.00565035751591
0.949330646874 0.0506693531264
0.978257238927 0.0217427610725
0.757208751417 0.242791248583
0.958973926 0.0410260739997
0.998356334961 0.00164366503938
0.488301952914 0.511698047086/
0.879256620565 0.120743379435
0.999962383892 3.76161084125e-05
0.95956718884 0.0404328111604
0.844941429605 0.155058570395
0.719847604258 0.280152395742
0.848216297132 0.151783702868
0.959936147631 0.0400638523694
0.336977314404 0.663022685596/
0.8578908576 0.1421091424
0.750956524503 0.249043475497
0.91492492263 0.08507507737
0.875803582058 0.124196417942
0.926986553079 0.0730134469208
0.97504255752 0.0249574424804
0.32247581446 0.67752418554/
0.8700528481 0.1299471519
0.884771350121 0.115228649879
0.97756845878 0.0224315412196
0.9994879988 0.000512001199714
0.999996279394 3.72060638476e-06
0.998176192066 0.0018238079344
0.941192107307 0.0588078926928
0.730037926882 0.269962073118
0.999097472399 0.000902527600614
0.544872538562 0.455127461438
0.161080824093 0.838919175907/
0.855455355374 0.144544644626
0.158265379683 0.841734620317/
0.999951431382 4.85686184445e-05
0.392654874374 0.607345125626/
0.401017854513 0.598982145487/
0.832291995838 0.167708004162
0.93464934682 0.0653506531802
0.387248190693 0.612751809307/
0.992249461126 0.00775053887438
0.48201442421 0.51798557579/
0.997723453846 0.00227654615412
0.993170099798 0.00682990020172
0.842388781667 0.157611218333
0.896208932615 0.103791067385
0.869126857323 0.130873142677
0.89292005722 0.10707994278
0.995289517417 0.004710482583
0.383356144746 0.616643855254/
0.999896868672 0.000103131328022
0.745937011655 0.254062988345
0.135824263061 0.864175736939/
0.715955401307 0.284044598693
0.971462118565 0.028537881435
0.927641162463 0.0723588375369
0.877632710199 0.122367289801
0.669299685553 0.330700314447
0.994329417445 0.0056705825548
0.501798148883 0.498201851117
0.85611856012 0.14388143988
0.867904838041 0.132095161959
0.997190390464 0.00280960953575
0.892441635085 0.107558364915
0.763303658464 0.236696341536
0.8666268834 0.1333731166
0.993967752668 0.006032247332
0.75387032159 0.24612967841
0.915578823395 0.0844211766051
0.99992541442 7.45855795158e-05
0.998931259033 0.00106874096689
0.999995117137 4.88286342071e-06
0.745937011655 0.254062988345
0.999658132312 0.000341867687601
0.989994727249 0.0100052727514
0.957422349226 0.0425776507737
0.989600482351 0.0103995176486
0.999335091108 0.000664908892415
0.995710126897 0.00428987310316
0.688961373927 0.311038626073
0.997144466364 0.00285553363626
0.960526871159 0.0394731288406
0.96250972721 0.0374902727896
0.780668046362 0.219331953638
0.987217551851 0.0127824481494
0.945817121539 0.0541828784609
0.999065593413 0.000934406586611
0.980351167066 0.0196488329343
0.954848739051 0.0451512609488
0.954668292161 0.0453317078388
0.982874052751 0.0171259472487
0.963064658839 0.0369353411613
0.828267475985 0.171732524015
0.935963251555 0.0640367484449
0.828267475985 0.171732524015
0.999624225139 0.000375774861078
0.952252005776 0.0477479942239
0.925067173943 0.0749328260571
0.934783883662 0.0652161163378
0.583584997264 0.416415002736
0.846787978031 0.153212021969
0.882289555797 0.117710444203
0.591676283005 0.408323716995
0.747985059153 0.252014940847
0.503527386111 0.496472613889
0.799090578898 0.200909421102
0.631537103625 0.368462896375
0.999997557614 2.44238643687e-06
0.984170046349 0.0158299536508
0.829387266665 0.170612733335
0.952765521482 0.0472344785179
0.484758290102 0.515241709898/
0.975208087739 0.0247919122606
0.461469780252 0.538530219748/
0.520442858133 0.479557141867
0.829218806831 0.170781193169
0.846208010831 0.153791989169
0.994413482619 0.00558651738141
0.967497204936 0.0325027950637
0.999643679118 0.000356320881648
0.91275091542 0.0872490845803
0.999442961822 0.00055703817802
0.804256411124 0.195743588876
0.926443510489 0.0735564895111
0.400653301075 0.599346698925/
0.993398237997 0.00660176200278
0.846263031074 0.153736968926
0.200988155544 0.799011844456/
0.950354089949 0.0496459100507
0.95608414919 0.0439158508102
0.711741454272 0.288258545728
0.999554793838 0.000445206161838
0.858526391889 0.141473608111
0.770299580126 0.229700419874
0.941139341733 0.0588606582669
0.606659891496 0.393340108504
0.875679852566 0.124320147434
0.999598360207 0.000401639793434
0.997917666972 0.00208233302846
0.719922404206 0.280077595794
0.998953693957 0.00104630604318
0.833401667991 0.166598332009
0.763986499716 0.236013500284
0.484256321383 0.515743678617/
0.996551648401 0.00344835159917
0.946539767061 0.0534602329394
0.616603528648 0.383396471352
0.997121713353 0.00287828664738
0.5495268766 0.4504731234
0.546913160968 0.453086839032
0.986952336347 0.0130476636528
0.992476125783 0.00752387421689
0.989519678655 0.0104803213454
0.148842462999 0.851157537001/
0.746470009752 0.253529990248
0.999606794271 0.000393205729221
0.349494370978 0.650505629022/
0.745937011655 0.254062988345
0.701544602828 0.298455397172
0.746698860698 0.253301139302
0.952310808119 0.0476891918808
0.993449309211 0.0065506907887
0.934891734008 0.0651082659923
0.997392021407 0.00260797859312
0.998975768033 0.00102423196682
0.916024026435 0.0839759735645
0.100785513959 0.899214486041/
0.999979591174 2.04088263774e-05
0.99391868326 0.00608131674002
0.966906241467 0.0330937585327
0.845959070055 0.154040929945
0.703272391757 0.296727608243
0.68702966865 0.31297033135
0.995789588538 0.00421041146237
0.994257084557 0.00574291544334
0.92564648367 0.0743535163303
0.999986341452 1.36585475973e-05
0.849939030554 0.150060969446
0.994524736719 0.00547526328079
0.526591814016 0.473408185984
0.989100237382 0.0108997626182
0.935564410797 0.064435589203
0.607904841934 0.392095158066
0.259362398711 0.740637601289/
0.999606692122 0.000393307878097
0.999999668162 3.31838099887e-07
0.951515206172 0.0484847938282
0.99368783522 0.00631216477971
0.889868794792 0.110131205208
0.972260536286 0.0277394637143
0.814506296101 0.185493703899
0.96639216664 0.0336078333599
0.49937435441 0.50062564559/
0.980292870388 0.0197071296117
0.977965357327 0.0220346426727
0.814412184948 0.185587815052
0.887875415232 0.112124584768
0.957451306868 0.0425486931319
0.988150031122 0.0118499688776
0.972866936208 0.0271330637916
0.999937813732 6.21862678643e-05
0.760578668755 0.239421331245
0.184689751137 0.815310248863/
0.790183011399 0.209816988601
0.999599956012 0.000400043988167
0.99954387802 0.000456121979942
0.455785409159 0.544214590841/
0.999686179027 0.000313820972672
0.796968154451 0.203031845549
0.948738167311 0.051261832689
0.908092962446 0.0919070375536
0.999407174653 0.000592825346574
0.759249825148 0.240750174852
0.932880611017 0.0671193889827
0.989874924512 0.0101250754883
0.99977477862 0.000225221380457
0.937472701735 0.0625272982653
0.858198460934 0.141801539066
0.383356144746 0.616643855254/
0.30815372389 0.69184627611/
0.985271951044 0.0147280489563
0.642923302817 0.357076697183
0.979914099574 0.0200859004259
0.999939607867 6.03921329861e-05
0.998448592168 0.00155140783167
0.975620177661 0.0243798223395
0.921448443401 0.078551556599
0.806907784522 0.193092215478
0.975134539982 0.0248654600183
0.715890270287 0.284109729713
0.842590063666 0.157409936334
0.921925333948 0.078074666052
0.962370419816 0.0376295801838
0.981417100775 0.0185828992253
0.935564410797 0.064435589203
0.950632172875 0.0493678271253
0.878989235166 0.121010764834
0.966055037228 0.0339449627716
0.990577065553 0.00942293444669
0.10385760244 0.89614239756/
0.955697927301 0.0443020726986
0.745937011655 0.254062988345
0.252665905906 0.747334094094/
0.998477890981 0.00152210901856
0.979754739777 0.0202452602225
0.505667083342 0.494332916658
0.999514868809 0.000485131191491
0.98607279273 0.0139272072698
0.745937011655 0.254062988345
0.476449556545 0.523550443455/
0.968927776147 0.0310722238531
0.81671465617 0.18328534383
0.986634096158 0.0133659038423
0.933310801609 0.0666891983907
0.922562328719 0.0774376712805
0.829218806831 0.170781193169
0.996298393161 0.00370160683894
0.982182321773 0.0178176782271
0.999955172628 4.48273723781e-05
0.740017616992 0.259982383008
0.781763552789 0.218236447211
0.980337761732 0.0196622382679
0.929616598716 0.0703834012837
0.875679852566 0.124320147434
0.71341360932 0.28658639068
0.350869755959 0.649130244041/
0.970476967515 0.029523032485
0.890492643977 0.109507356023
0.994751352162 0.00524864783844
0.960075924632 0.0399240753681
0.721282654429 0.278717345571
0.9047715065 0.0952284934999
0.220152673081 0.779847326919/
0.391639068218 0.608360931782/
0.8414356876 0.1585643124
0.829886950396 0.170113049604
0.814506296101 0.185493703899
0.995405649686 0.00459435031377
0.999617987597 0.000382012402608
0.99375182713 0.00624817287022
0.96132230222 0.03867769778
0.984443989008 0.0155560109919
0.752613985166 0.247386014834
0.920303481367 0.079696518633
0.394211720034 0.605788279966/
0.977438254835 0.0225617451652
0.996427462758 0.00357253724156
0.969550460347 0.0304495396531
0.986822603349 0.0131773966512
0.931335238139 0.0686647618609
0.855196596497 0.144803403503
0.487649311956 0.512350688044/
0.885028048245 0.114971951755
0.933642152146 0.066357847854
0.919340849294 0.0806591507065
0.997501578184 0.00249842181569
0.996336033697 0.00366396630258
0.954002661303 0.0459973386967
0.785800218059 0.214199781941
0.999994416665 5.58333496892e-06
0.161703498872 0.838296501128/
0.999951595625 4.84043749999e-05
0.850728353546 0.149271646454
0.626050409405 0.373949590595
0.940291275353 0.0597087246466
0.381295538168 0.618704461832/
0.0269452366529 0.973054763347/
0.757524055843 0.242475944157
0.968602168282 0.0313978317183
0.990049788699 0.00995021130121
0.975626954638 0.0243730453617
0.999978709236 2.12907642867e-05
