0.0373778030479 0.962622196952
7.13728487667e-05 0.999928627151
4.22992396106e-10 0.999999999577
0.374668655746 0.625331344254
0.146053174863 0.853946825137
0.405071366307 0.594928633693
0.320622155053 0.679377844947
0.621064161162 0.378935838838/
0.124767157167 0.875232842833
0.141303397821 0.858696602179
0.044628529816 0.955371470184
0.007549800542 0.992450199458
0.0383820823515 0.961617917649
3.90556956496e-07 0.999999609443
0.0192927704648 0.980707229535
0.107027929761 0.892972070239
0.772108464746 0.227891535254/
0.421346571517 0.578653428483
1.26435251691e-09 0.999999998736
1.209094663e-06 0.999998790905
0.0213348000975 0.978665199903
0.0283818938469 0.971618106153
0.363221442973 0.636778557027
0.00450154403704 0.995498455963
0.0022438988542 0.997756101146
0.046080507984 0.953919492016
0.00133977861555 0.998660221384
0.102379753224 0.897620246776
0.0936299354473 0.906370064553
0.24045033608 0.75954966392
0.0351693237388 0.964830676261
0.921038860692 0.0789611393078/
0.932306218232 0.0676937817679/
0.584797896598 0.415202103402/
0.0490820970072 0.950917902993
0.0447987859522 0.955201214048
6.56407649817e-07 0.999999343592
0.00854447984215 0.991455520158
0.0109721585531 0.989027841447
0.105659989181 0.894340010819
0.342641167091 0.657358832909
0.0310340940589 0.968965905941
0.148218120932 0.851781879068
4.48816597833e-07 0.999999551183
0.000294753085454 0.999705246915
0.0731061442887 0.926893855711
2.64420569267e-05 0.999973557943
1.22808280615e-06 0.999998771917
0.000421810638128 0.999578189362
0.0674254713166 0.932574528683
0.00688182244185 0.993118177558
0.757055581342 0.242944418658/
0.290018769119 0.709981230881
0.0606683563193 0.939331643681
0.000504316943265 0.999495683057
0.00234918844008 0.99765081156
0.0524121496099 0.94758785039
0.870347358879 0.129652641121/
0.00240531478177 0.997594685218
2.72187919775e-09 0.999999997278
0.525835653835 0.474164346165/
4.77500658299e-06 0.999995224993
0.826744530614 0.173255469386/
0.0305988958988 0.969401104101
0.104538231996 0.895461768004
0.00284888985256 0.997151110147
0.729595165282 0.270404834718/
0.147217274704 0.852782725296
0.0760185587872 0.923981441213
8.07281176072e-08 0.999999919272
0.000814203693818 0.999185796306
0.0480510537944 0.951948946206
0.0596141678196 0.94038583218
0.207341733594 0.792658266406
0.00925182594904 0.990748174051
0.055633929202 0.944366070798
0.0309773888003 0.9690226112
0.0024313663925 0.997568633607
0.00410081491003 0.99589918509
0.0271088074606 0.972891192539
0.0255116667051 0.974488333295
0.00256161771682 0.997438382283
0.918490262532 0.0815097374683
0.0778754298927 0.922124570107
0.00491960429815 0.995080395702
1.2963516237e-07 0.999999870365
0.671614755263 0.328385244737/
0.0153955580687 0.984604441931
0.165639861986 0.834360138014
0.186256141318 0.813743858682
0.0831499317876 0.916850068212
0.0107274884595 0.98927251154
0.00642371729073 0.993576282709
0.170454512882 0.829545487118
0.0461897275803 0.95381027242
0.421346571517 0.578653428483
0.0043165374757 0.995683462524
0.165067059328 0.834932940672
0.0788836788378 0.921116321162
8.97828067196e-06 0.999991021719
0.00232960030661 0.997670399693
0.0005025775863 0.999497422414
0.023532971572 0.976467028428
0.252348178005 0.747651821995
0.0605285002165 0.939471499784
0.0404436868563 0.959556313144
2.19889116202e-06 0.999997801109
0.90042359839 0.0995764016099
7.61243972921e-06 0.99999238756
0.0667596070484 0.933240392952
4.46806305884e-06 0.999995531937
0.918428241358 0.0815717586422
0.00186292652666 0.998137073473
1.84717617694e-05 0.999981528238
0.251248753947 0.748751246053
0.147552930586 0.852447069414
1.03271092059e-05 0.999989672891
3.1554233717e-05 0.999968445766
0.000693444373874 0.999306555626
0.0269071436632 0.973092856337
0.0060012315628 0.993998768437
0.15211376612 0.84788623388
0.0711379965298 0.92886200347
0.00250192608611 0.997498073914
0.142384768442 0.857615231558
0.00298282561237 0.997017174388
0.0667430275674 0.933256972433
0.0535871864801 0.94641281352
0.384210012801 0.615789987199
0.99225791958 0.00774208041959/
0.101769786225 0.898230213775
0.258138105142 0.741861894858
0.000786852506908 0.999213147493
0.320622155053 0.679377844947
0.48464440957 0.51535559043
0.0888539367919 0.911146063208
0.105659989181 0.894340010819
0.42953773795 0.57046226205
0.000632339905877 0.999367660094
0.648563793524 0.351436206476/
0.350476108915 0.649523891085
0.547458960363 0.452541039637/
0.225049533579 0.774950466421
0.227722143098 0.772277856902
0.0374443771145 0.962555622885
0.00654632669248 0.993453673308
0.421346571517 0.578653428483
0.00188217708574 0.998117822914
0.0782828505089 0.921717149491
0.0232362096684 0.976763790332
0.809891267454 0.190108732546/
0.0211825140137 0.978817485986
4.5194659498e-06 0.999995480534
0.0185653229197 0.98143467708
0.665492730741 0.334507269259/
0.0126943826311 0.987305617369
0.00290632740031 0.9970936726
0.00207778682679 0.997922213173
4.69102437475e-07 0.999999530898
0.678795363052 0.321204636948/
0.0601623318976 0.939837668102
2.46797412767e-07 0.999999753203
3.58422934897e-07 0.999999641577
0.24459786566 0.75540213434
0.0227169010799 0.97728309892
1.55414209147e-06 0.999998445858
0.782398882163 0.217601117837/
0.421346571517 0.578653428483
0.0569200653559 0.943079934644
0.597383532107 0.402616467893/
6.52765280102e-05 0.999934723472
0.061791883721 0.938208116279
0.0114379343922 0.988562065608
0.0112316148295 0.988768385171
3.63205681134e-05 0.999963679432
0.0090150456888 0.990984954311
2.81896004547e-05 0.9999718104
0.00108253012961 0.99891746987
0.892331088685 0.107668911315/
0.326259257465 0.673740742535
0.0931447423088 0.906855257691
0.600358198977 0.399641801023/
0.166388324221 0.833611675779
0.00468923491879 0.995310765081
0.421346571517 0.578653428483
0.264001732623 0.735998267377
0.00247742755658 0.997522572443
0.0565705160325 0.943429483967
0.0443938385231 0.955606161477
0.0306530073988 0.969346992601
0.0366982282858 0.963301771714
0.00014958983095 0.999850410169
0.00598408424465 0.994015915755
0.172686068404 0.827313931596
0.157580952698 0.842419047302
0.00919322033974 0.99080677966
0.263218915462 0.736781084538
0.000409820127402 0.999590179873
0.0676221608027 0.932377839197
0.00201541124006 0.99798458876
0.00233858868939 0.997661411311
0.0543654475481 0.945634552452
9.66194858566e-05 0.999903380514
0.0574421428948 0.942557857105
9.13639972541e-07 0.99999908636
0.0508491987726 0.949150801227
0.057137904338 0.942862095662
0.448251350024 0.551748649976
0.00260781687077 0.997392183129
0.802605902424 0.197394097576/
0.143651545917 0.856348454083
0.000332732916978 0.999667267083
0.221499312524 0.778500687476
0.241344635971 0.758655364029
0.00908547468263 0.990914525317
0.04126228354 0.95873771646
4.12338854725e-05 0.999958766115
0.76719963828 0.23280036172/
0.168580924824 0.831419075176
0.0704101396246 0.929589860375
1.83395186869e-07 0.999999816605
0.167259266427 0.832740733573
0.0407525543191 0.959247445681
0.0466145940183 0.953385405982
0.000331160276139 0.999668839724
0.00880278725481 0.991197212745
0.910081743695 0.0899182563054/
0.180737349434 0.819262650566
0.042631786583 0.957368213417
0.344468724757 0.655531275243
0.0878345286984 0.912165471302
2.76813158738e-05 0.999972318684
2.76664426802e-09 0.999999997233
2.52336671378e-07 0.999999747663
0.0503475748092 0.949652425191
0.24045033608 0.75954966392
0.134344237776 0.865655762224
0.0112508341735 0.988749165827
3.36946890855e-05 0.999966305311
0.999896248408 0.000103751592099/
0.00672566745417 0.993274332546
0.505640313059 0.494359686941/
0.264274327677 0.735725672323
3.52922049388e-09 0.999999996471
0.000172351876601 0.999827648123
0.137232479374 0.862767520626
0.00547720021984 0.99452279978
0.0039908110907 0.996009188909
0.0193887093059 0.980611290694
0.794554139472 0.205445860528/
0.0521616591556 0.947838340844
0.781107747341 0.218892252659/
0.0738408489974 0.926159151003
0.999967310756 3.26892438765e-05/
0.923452562658 0.0765474373421/
2.04843339936e-09 0.999999997952
0.715528521694 0.284471478306/
0.692833004338 0.307166995662/
0.000904297064679 0.999095702935
0.00884534156402 0.991154658436
0.421346571517 0.578653428483
0.0848623648679 0.915137635132
0.0240071998076 0.975992800192
0.0704101396246 0.929589860375
0.283681217304 0.716318782696
0.0539011731039 0.946098826896
0.0885378729837 0.911462127016
0.17439393921 0.82560606079
0.633509073803 0.366490926197/
0.00868293580136 0.991317064199
0.00779859760296 0.992201402397
0.89927810779 0.10072189221/
0.181513795643 0.818486204357
0.0667596070484 0.933240392952
0.00728635427133 0.992713645729
0.0470828224327 0.952917177567
0.366371205533 0.633628794467
0.0840081535021 0.915991846498
0.00374280235695 0.996257197643
0.0057452958625 0.994254704137
0.481628114577 0.518371885423
7.1516419404e-06 0.999992848358
0.106531032345 0.893468967655
0.00908006266828 0.990919937332
0.629169301921 0.370830698079/
0.10901587303 0.89098412697
0.0846835558955 0.915316444105
0.338589242222 0.661410757778
0.318720264134 0.681279735866
0.574943307276 0.425056692724/
0.00190893345515 0.998091066545
0.0382043151079 0.961795684892
0.000424536317572 0.999575463682
0.0329301955479 0.967069804452
0.035723404246 0.964276595754
0.00862116699037 0.99137883301
0.261742635502 0.738257364498
0.44255737838 0.55744262162
0.138945011417 0.861054988583
0.00026723044023 0.99973276956
0.00961061195645 0.990389388044
0.24045033608 0.75954966392
0.60874231585 0.39125768415/
0.652402379591 0.347597620409/
0.0674254713166 0.932574528683
0.21942983748 0.78057016252
0.0226396020886 0.977360397911
0.000805091149689 0.99919490885
0.649336292151 0.350663707849/
0.421346571517 0.578653428483
0.142122310599 0.857877689401
0.806929484153 0.193070515847/
0.000110686899308 0.999889313101
1.62778080744e-09 0.999999998372
3.78079346494e-05 0.999962192065
0.148063870917 0.851936129083
0.000495600369859 0.99950439963
0.421346571517 0.578653428483
1.01429635888e-05 0.999989857036
0.19301740838 0.80698259162
0.000150884249837 0.99984911575
0.481067034185 0.518932965815
0.0963050298272 0.903694970173
0.000550738488289 0.999449261512
0.0184614043272 0.981538595673
0.178831494584 0.821168505416
3.77101733796e-07 0.999999622898
0.153870406102 0.846129593898
8.09009111801e-05 0.999919099089
0.136205752297 0.863794247703
0.00162763093032 0.99837236907
0.0231763567661 0.976823643234
0.473371825219 0.526628174781
0.931826124632 0.0681738753683/
0.00688182244185 0.993118177558
0.0906585715558 0.909341428444
0.429128398066 0.570871601934
0.0760185587872 0.923981441213
0.0252077048484 0.974792295152
0.00758042358954 0.99241957641
2.09499288719e-05 0.999979050071
8.13194310335e-05 0.999918680569
0.160497957998 0.839502042002
7.91691700323e-09 0.999999992083
0.101024322989 0.898975677011
0.00137090316878 0.998629096831
0.261440819301 0.738559180699
0.20411938914 0.79588061086
0.321363368615 0.678636631385
0.0269314500644 0.973068549936
0.304273072175 0.695726927825
0.0430628873074 0.956937112693
0.0280690894132 0.971930910587
0.73917457135 0.26082542865/
3.16814429013e-05 0.999968318557
1.41100777114e-10 0.999999999859
0.448894020837 0.551105979163
0.635413435082 0.364586564918/
0.440917283028 0.559082716972
0.0289239447591 0.971076055241
0.105659989181 0.894340010819
0.176459585426 0.823540414574
0.421346571517 0.578653428483
0.0607319945403 0.93926800546
0.000153536841322 0.999846463159
0.0574421428948 0.942557857105
0.0419286751135 0.958071324887
0.107958574488 0.892041425512
0.0674254713166 0.932574528683
1.16676062322e-07 0.999999883324
0.00069515578259 0.999304844217
4.5373000538e-05 0.999954626999
0.0755280445192 0.924471955481
0.0197909792805 0.98020902072
0.179806721129 0.820193278871
0.0215766553479 0.978423344652
0.342435260507 0.657564739493
0.0048054728289 0.995194527171
0.146053174863 0.853946825137
0.0531323001185 0.946867699881
0.000715507654529 0.999284492345
0.563649321564 0.436350678436/
0.317743660091 0.682256339909
0.000563864284322 0.999436135716
0.0132975787053 0.986702421295
6.01761662633e-05 0.999939823834
0.101717888766 0.898282111234
0.108624041867 0.891375958133
0.0243953148606 0.975604685139
0.421346571517 0.578653428483
0.000398372982605 0.999601627017
0.0667596070484 0.933240392952
0.396486478255 0.603513521745
0.326209838167 0.673790161833
0.844991622527 0.155008377473/
0.00841730676292 0.991582693237
0.872582432988 0.127417567012/
2.83550493637e-06 0.999997164495
0.00181269966801 0.998187300332
0.175358657395 0.824641342605
0.0326466763768 0.967353323623
0.200061162935 0.799938837065
0.0503506567692 0.949649343231
0.0665930306971 0.933406969303
0.739461900858 0.260538099142/
0.360632345043 0.639367654957
0.120612589853 0.879387410147
0.144224267838 0.855775732162
0.00329355384735 0.996706446153
0.593419821263 0.406580178737/
3.1613551421e-06 0.999996838645
0.421346571517 0.578653428483
0.0258435459879 0.974156454012
1.4249258859e-07 0.999999857507
0.0561854258134 0.943814574187
0.0757612899433 0.924238710057
0.538797093231 0.461202906769/
0.00132769729692 0.998672302703
7.95235402315e-06 0.999992047646
0.0109975720207 0.989002427979
0.988706007493 0.0112939925066/
0.0760185587872 0.923981441213
0.0971289995442 0.902871000456
0.975381191515 0.0246188084854/
0.524211933778 0.475788066222/
0.963350417622 0.0366495823775
0.492618597151 0.507381402849/
0.999584615032 0.000415384967882
0.45650898311 0.54349101689/
0.998319891372 0.00168010862775
0.999999930761 6.92386819889e-08
0.421346571517 0.578653428483/
0.392361558355 0.607638441645/
0.999991089565 8.91043471429e-06
0.999999379023 6.20977109552e-07
0.999998303838 1.69616211781e-06
0.997127251798 0.00287274820181
0.124428404877 0.875571595123/
0.726167021979 0.273832978021
0.912767226596 0.0872327734036
0.972208768097 0.0277912319032
0.870861847941 0.129138152059
0.982809018338 0.0171909816617
0.991175299269 0.00882470073117
0.0123719996248 0.987628000375/
0.999905362785 9.46372145832e-05
0.852698541706 0.147301458294
0.836692184399 0.163307815601
0.999999969474 3.05260393805e-08
0.987875597024 0.0121244029757
0.64136783226 0.35863216774
0.999987037762 1.29622384205e-05
0.722067261349 0.277932738651
0.399577502994 0.600422497006/
0.999983278546 1.67214537352e-05
0.673169565 0.326830435
0.938358274741 0.0616417252592
0.99882530803 0.00117469196971
0.999996535317 3.46468303089e-06
0.999998960071 1.03992851353e-06
0.999874098859 0.000125901140761
0.999998827839 1.17216122165e-06
0.925211189657 0.074788810343
0.995329777849 0.00467022215069
0.851306061817 0.148693938183
0.888069042139 0.111930957861
0.98598940189 0.0140105981103
0.977103505882 0.0228964941182
0.965958527301 0.0340414726991
0.997529858754 0.00247014124623
0.999978736198 2.12638015225e-05
0.97067659373 0.0293234062701
0.999916704318 8.32956819036e-05
0.999536762967 0.00046323703273
0.917819723645 0.082180276355
0.93489018449 0.0651098155103
0.853488088199 0.146511911801
0.999999409027 5.90973272184e-07
0.97696825808 0.0230317419197
0.788631074839 0.211368925161
0.997293383691 0.0027066163095
0.563780114038 0.436219885962
0.999970098245 2.99017545516e-05
0.978215447727 0.0217845522729
0.342435260507 0.657564739493/
0.307841807479 0.692158192521/
0.999164421793 0.000835578206569
0.999995098483 4.90151670525e-06
0.976008994597 0.0239910054025
0.999799106367 0.000200893633047
0.999821606772 0.000178393227983
0.982626862338 0.0173731376615
0.973368012679 0.0266319873207
0.999280395658 0.000719604342087
0.378213085792 0.621786914208/
0.995818626861 0.00418137313949
0.999928123822 7.18761784219e-05
0.995685012394 0.00431498760552
0.986560686808 0.0134393131918
0.999947047619 5.29523809258e-05
0.935441202084 0.0645587979165
0.999999994676 5.32433390721e-09
0.999999999842 1.58327195244e-10
0.841320874923 0.158679125077
0.999999977881 2.21185623831e-08
0.999997943708 2.05629158915e-06
0.989578720852 0.0104212791482
0.999999633258 3.66741842229e-07
0.999958068487 4.19315134488e-05
0.999133183176 0.000866816824437
0.890411090217 0.109588909783
0.912767226596 0.0872327734036
0.999999288712 7.1128845023e-07
0.857790170243 0.142209829757
0.421346571517 0.578653428483/
0.999999999979 2.07831508398e-11
0.941541357037 0.0584586429633
0.820737876163 0.179262123837
0.996568415529 0.00343158447127
0.909588189256 0.0904118107442
0.999959705451 4.02945493419e-05
0.999999837193 1.6280685182e-07
0.642494857559 0.357505142441
0.997875627387 0.00212437261314
0.998965971721 0.00103402827922
0.574070259309 0.425929740691
0.998658486156 0.00134151384404
0.921038860692 0.0789611393078
0.999999994491 5.50877338218e-09
0.93445763078 0.0655423692199
0.997567054313 0.00243294568691
0.987491304542 0.0125086954584
0.999614834055 0.000385165944688
0.992340116668 0.00765988333173
0.999999482833 5.17167148571e-07
0.999853687803 0.000146312196926
0.999998776784 1.22321617353e-06
0.999869656244 0.000130343755875
0.999847268878 0.000152731121879
0.696140511174 0.303859488826
0.999116198091 0.000883801908654
0.99870845083 0.00129154917029
0.811832052929 0.188167947071
0.989532339336 0.0104676606645
0.999603407473 0.000396592527133
0.99999180463 8.19537009069e-06
0.947340337483 0.0526596625169
0.999876473827 0.000123526173425
0.981007384581 0.0189926154186
0.996648718427 0.00335128157344
0.999962302117 3.76978827064e-05
0.999930119224 6.98807755164e-05
0.999902307962 9.76920379133e-05
0.999380794071 0.000619205929088
0.705427716035 0.294572283965
0.90864937172 0.09135062828
0.974147603711 0.0258523962892
0.310624500653 0.689375499347/
0.98974737519 0.0102526248097
0.996860683213 0.00313931678713
0.991618660471 0.00838133952881
0.0357916768345 0.964208323165/
0.872645092384 0.127354907616
0.999988969454 1.1030546354e-05
0.999941197286 5.88027135184e-05
0.999916463502 8.35364977143e-05
0.70946498889 0.29053501111
0.685847826578 0.314152173422
0.999737107068 0.000262892932059
0.998711593985 0.00128840601465
0.995581177488 0.00441882251179
0.999998638237 1.36176293596e-06
0.545532753804 0.454467246196
0.999649602765 0.000350397235195
0.867564011822 0.132435988178
0.999941001309 5.89986914859e-05
0.421346571517 0.578653428483/
0.129778354211 0.870221645789/
0.910928483879 0.0890715161212
0.925303085157 0.0746969148434
0.983556069674 0.0164439303256
0.177591890158 0.822408109842/
0.944823060819 0.0551769391811
0.994087010492 0.0059129895076
0.234364764487 0.765635235513/
0.99765404629 0.00234595370998
0.998409614492 0.00159038550849
0.99423215491 0.00576784509031
0.428389859063 0.571610140937/
0.999999641569 3.58430805998e-07
0.998407122057 0.00159287794341
0.860504698402 0.139495301598
0.999876034925 0.000123965075197
0.985023902385 0.0149760976153
0.321337563764 0.678662436236/
0.999998248158 1.75184224107e-06
0.611661967688 0.388338032312
0.308669621998 0.691330378002/
0.999811391769 0.000188608230921
0.986646317596 0.013353682404
0.993313493402 0.00668650659827
0.896219977995 0.103780022005
0.999948906593 5.10934068526e-05
0.998856912626 0.0011430873742
0.999823039064 0.00017696093625
0.980508750058 0.0194912499417
0.999995461027 4.53897331093e-06
0.999768131379 0.000231868621393
0.996025646476 0.00397435352351
0.112396450146 0.887603549854/
0.998527638488 0.00147236151211
0.543809416072 0.456190583928
0.999613491889 0.000386508110629
0.996672098175 0.00332790182455
0.613990207439 0.386009792561
0.994833118833 0.00516688116704
0.999897438655 0.000102561344928
0.999530985773 0.000469014226611
0.999992755485 7.24451453766e-06
0.0137607015197 0.98623929848/
0.97778429072 0.0222157092802
0.997837094753 0.0021629052471
0.999999999396 6.03754134511e-10
0.999997227694 2.77230642586e-06
0.994995649883 0.00500435011687
0.999533816954 0.000466183045605
0.994382022686 0.00561797731375
0.999787728869 0.00021227113052
0.999931138475 6.88615246711e-05
0.823999109552 0.176000890448
0.924211765648 0.0757882343523
0.995530617369 0.00446938263091
0.999805750411 0.000194249589113
0.421346571517 0.578653428483/
0.955872688274 0.0441273117264
0.894774771166 0.105225228834
0.999909028693 9.09713074652e-05
0.999999316309 6.83691307201e-07
0.217269969589 0.782730030411/
0.999999809061 1.90938950065e-07
0.000879351648308 0.999120648352/
0.997720989157 0.00227901084344
0.97397507266 0.0260249273401
0.92130704119 0.0786929588103
0.999938635868 6.13641322081e-05
0.99999983369 1.66309834544e-07
0.999999712677 2.87323346094e-07
0.687504011352 0.312495988648
0.792829654912 0.207170345088
0.999984420525 1.55794751656e-05
0.0775678689949 0.922432131005/
0.999997812502 2.18749824797e-06
0.192116897372 0.807883102628/
0.999981202434 1.87975658815e-05
0.99996716709 3.28329097641e-05
0.995000972238 0.00499902776199
0.896219977995 0.103780022005
0.976288490655 0.0237115093445
0.999999448223 5.51777208419e-07
0.999449670983 0.000550329017124
0.999108543582 0.000891456417505
0.998653521323 0.0013464786773
0.999206022311 0.00079397768887
0.999998254529 1.74547108533e-06
0.992465745513 0.00753425448696
0.993824580555 0.00617541944482
0.999669656965 0.000330343035086
0.506263656645 0.493736343355
0.998393201687 0.00160679831277
0.821417118218 0.178582881782
0.639181390511 0.360818609489
0.999613397795 0.000386602204907
0.880492554913 0.119507445087
0.797922395896 0.202077604104
0.599870935763 0.400129064237
0.727129918854 0.272870081146
0.965200976722 0.0347990232779
0.999843024504 0.000156975496135
0.999989070005 1.09299953994e-05
0.999993852481 6.14751892909e-06
0.744080561404 0.255919438596
0.514777864819 0.485222135181
0.995913277295 0.00408672270541
0.405763623449 0.594236376551/
0.98935101816 0.0106489818402
0.955648065956 0.0443519340441
0.999367366719 0.000632633280514
0.999602209545 0.000397790454995
0.99295852181 0.00704147818957
0.9979294162 0.00207058379964
0.742158401727 0.257841598273
0.971958877292 0.0280411227079
0.9966432226 0.00335677739996
0.634773863578 0.365226136422
0.96510392517 0.0348960748301
0.999999953408 4.65924633873e-08
0.969138586519 0.0308614134805
0.900871851406 0.0991281485941
0.508139540077 0.491860459923
0.966788358395 0.0332116416052
0.99332823839 0.00667176160987
0.312812519785 0.687187480215/
0.999999684759 3.1524052416e-07
0.951663848208 0.0483361517923
0.978459389856 0.0215406101437
0.997036644859 0.00296335514093
0.998633722565 0.00136627743491
0.997367115592 0.00263288440782
0.245296123691 0.754703876309/
0.920796025578 0.0792039744223
0.876610077123 0.123389922877
0.999930586624 6.94133755321e-05
0.999918540022 8.14599778191e-05
0.999999999881 1.19346122777e-10
0.999998608987 1.39101267488e-06
0.994824212493 0.0051757875067
0.987788128506 0.0122118714935
0.999994806972 5.19302815115e-06
0.898018607132 0.101981392868
0.327189620208 0.672810379792/
0.89313907131 0.10686092869
0.236224269984 0.763775730016/
0.999999971614 2.83860814046e-08
0.466506921766 0.533493078234/
0.66966667716 0.33033332284
0.973570082383 0.0264299176172
0.996058128601 0.0039418713993
0.120750214892 0.879249785108/
0.994535422813 0.00546457718695
0.920578818946 0.0794211810544
0.997909112544 0.00209088745616
0.999996671123 3.32887735735e-06
0.997611477302 0.00238852269777
0.934602968327 0.0653970316727
0.951912858395 0.0480871416053
0.995238106875 0.00476189312547
0.999179203646 0.000820796353931
0.344858671476 0.655141328524/
0.99999980141 1.98590442369e-07
0.735997266682 0.264002733318
0.422253177074 0.577746822926/
0.874985926452 0.125014073548
0.989652652067 0.0103473479335
0.945707352933 0.0542926470671
0.990039910495 0.00996008950531
0.722067261349 0.277932738651
0.999960224178 3.97758221719e-05
0.485994270965 0.514005729035/
0.841252284923 0.158747715077
0.992791350796 0.00720864920411
0.999670610549 0.00032938945086
0.999999882694 1.17305943693e-07
0.914118904228 0.0858810957717
0.959422804161 0.0405771958395
0.999238528435 0.000761471564729
0.804604425087 0.195395574913
0.914288772662 0.0857112273385
0.999992337946 7.6620542819e-06
0.999999959443 4.05571689381e-08
0.999999990862 9.13798594331e-09
0.735997266682 0.264002733318
0.999999518541 4.81459015977e-07
0.999975488722 2.45112782155e-05
0.996399719043 0.00360028095738
0.99949535833 0.000504641669915
0.999998040483 1.95951686895e-06
0.998769917537 0.00123008246316
0.780111662808 0.219888337192
0.999999942375 5.76249030255e-08
0.992173065449 0.00782693455106
0.98370179103 0.0162982089702
0.753462293978 0.246537706022
0.999806342755 0.000193657244803
0.99603142181 0.0039685781904
0.999999027716 9.72283672715e-07
0.996792331393 0.00320766860703
0.999878220359 0.000121779640894
0.97419807784 0.0258019221602
0.993161200974 0.00683879902611
0.93006837632 0.0699316236798
0.853488088199 0.146511911801
0.996064173417 0.00393582658336
0.853488088199 0.146511911801
0.999973993456 2.60065441895e-05
0.996242794844 0.00375720515607
0.995815400587 0.0041845994127
0.935441202084 0.0645587979165
0.969685685535 0.0303143144646
0.962306976301 0.0376930236993
0.990228899331 0.00977110066853
0.841320874923 0.158679125077
0.999139094134 0.000860905865729
0.833988065795 0.166011934205
0.771580178188 0.228419821812
0.958516174513 0.0414838254868
0.999999999837 1.6304407805e-10
0.999585742589 0.000414257411165
0.857993785241 0.142006214759
0.998041406077 0.00195859392257
0.776443890748 0.223556109252
0.992293969489 0.00770603051095
0.981059200407 0.0189407995929
0.924968641413 0.0750313585873
0.889474504078 0.110525495922
0.820273732933 0.179726267067
0.999280863324 0.000719136675643
0.996734909804 0.00326509019607
0.999996567774 3.43222591267e-06
0.557077081258 0.442922918742
0.99999884181 1.15818992792e-06
0.97408783527 0.0259121647295
0.956516476656 0.0434835233439
0.458049088809 0.541950911191/
0.487165487966 0.512834512034/
0.994272939472 0.00572706052763
0.440358161256 0.559641838744/
0.996915762086 0.00308423791424
0.553540011522 0.446459988478
0.770685392285 0.229314607715
0.999999279319 7.20680539102e-07
0.954777442919 0.0452225570806
0.96990423455 0.03009576545
0.886258011091 0.113741988909
0.710962162211 0.289037837789
0.896219977995 0.103780022005
0.999998739313 1.26068705737e-06
0.999999915605 8.43952434778e-08
0.547124423692 0.452875576308
0.999344042823 0.000655957176624
0.8879054353 0.1120945647
0.685847826578 0.314152173422
0.899695548871 0.100304451129
0.99999482812 5.17188035167e-06
0.99763946349 0.00236053651014
0.605837035746 0.394162964254
0.998770223893 0.00122977610728
0.410002882381 0.589997117619/
0.782965253692 0.217034746308
0.998885190747 0.00111480925305
0.999430510367 0.000569489633272
0.999829322087 0.000170677913144
0.0609609954839 0.939039004516/
0.862196392545 0.137803607455
0.99999998857 1.14304092793e-08
0.421346571517 0.578653428483/
0.735997266682 0.264002733318
0.966652929152 0.0333470708475
0.806052326403 0.193947673597
0.99998054544 1.94545600493e-05
0.98903365013 0.0109663498696
0.971701260274 0.0282987397263
0.999584638046 0.000415361954044
0.999715132579 0.000284867420682
0.994775631948 0.0052243680523
0.0823505898478 0.917649410152/
0.99999999614 3.85965524196e-09
0.999949477294 5.05227057244e-05
0.997212167783 0.00278783221685
0.969408542815 0.0305914571853
0.776380254054 0.223619745946
0.780333598251 0.219666401749
0.999874408921 0.000125591079285
0.999990491053 9.50894665383e-06
0.946456773016 0.0535432269842
0.999999681075 3.18925096502e-07
0.991263787018 0.00873621298192
0.999982589691 1.74103094364e-05
0.943726996016 0.0562730039844
0.996378949339 0.0036210506605
0.986185771868 0.0138142281321
0.636784418842 0.363215581158
0.621402554962 0.378597445038
0.999999962312 3.76877624564e-08
0.999999999471 5.28885253253e-10
0.997859703771 0.00214029622906
0.99993071944 6.92805601941e-05
0.994685539715 0.00531446028528
0.943831418426 0.0561685815737
0.843999703803 0.156000296197
0.991300581988 0.00869941801231
0.398970307894 0.601029692106/
0.99975473037 0.000245269630235
0.999057203469 0.000942796530835
0.765017165142 0.234982834858
0.953050888414 0.0469491115859
0.945048545494 0.0549514545062
0.999999601143 3.98857162976e-07
0.99299769031 0.00700230968981
0.999999804362 1.95638103379e-07
0.760052973343 0.239947026657
0.165624275697 0.834375724303/
0.937665435254 0.0623345647456
0.999999406636 5.93364463878e-07
0.999999910965 8.90354239901e-08
0.293587249704 0.706412750296/
0.999999107513 8.92486787533e-07
0.931396705591 0.0686032944092
0.9999965457 3.45430038485e-06
0.931048890637 0.0689511093629
0.999943370333 5.66296665548e-05
0.984707662925 0.0152923370747
0.998611473156 0.00138852684365
0.99981681426 0.000183185740035
0.999999772579 2.2742110365e-07
0.996678875467 0.00332112453304
0.999999333709 6.66290674997e-07
0.344858671476 0.655141328524/
0.740329882153 0.259670117847
0.995109047355 0.00489095264491
0.728541901363 0.271458098637
0.999482559317 0.000517440683127
0.999999943507 5.64934958253e-08
0.999999463268 5.36732149767e-07
0.998576666949 0.00142333305128
0.985249188463 0.0147508115371
0.995309225485 0.00469077451548
0.97091762761 0.0290823723905
0.973461856117 0.0265381438828
0.845391929374 0.154608070626
0.974596662711 0.0254033372892
0.999886977766 0.000113022234268
0.999684515151 0.000315484848892
0.986185771868 0.0138142281321
0.995945331105 0.00405466889512
0.969446546955 0.0305534530453
0.999618775614 0.00038122438617
0.991941583487 0.0080584165128
0.0594421979186 0.940557802081/
0.998078229661 0.00192177033853
0.735997266682 0.264002733318
0.256204140518 0.743795859482/
0.999998683455 1.31654543101e-06
0.97424416554 0.0257558344604
0.636386231429 0.363613768571
0.999999069009 9.30991105322e-07
0.999999130577 8.69423410172e-07
0.735997266682 0.264002733318
0.540370769143 0.459629230857
0.898991831962 0.101008168038
0.922315696982 0.077684303018
0.96553587756 0.0344641224396
0.98461622813 0.01538377187
0.948775009106 0.0512249908942
0.889474504078 0.110525495922
0.999900624709 9.93752911546e-05
0.999311589127 0.000688410873167
0.999999999918 8.17903649495e-11
0.552758386853 0.447241613147
0.991096739927 0.0089032600733
0.988472311438 0.0115276885625
0.990808129116 0.00919187088439
0.896219977995 0.103780022005
0.74744352846 0.25255647154
0.401591844225 0.598408155775/
0.999980605044 1.93949563553e-05
0.992822158842 0.00717784115808
0.999991948662 8.05133839857e-06
0.991194957505 0.00880504249504
0.880402348977 0.119597651023
0.944974499039 0.0550255009609
0.822507839035 0.177492160965
0.481086733101 0.518913266899/
0.963615463765 0.0363845362349
0.96360393684 0.0363960631603
0.843999703803 0.156000296197
0.999360483119 0.000639516880575
0.999999993216 6.78383851274e-09
0.999998485225 1.51477537331e-06
0.98167402972 0.01832597028
0.999795733685 0.000204266314606
0.929227752928 0.0707722470716
0.994033663803 0.00596633619684
0.426120859565 0.573879140435/
0.999999528408 4.71592421318e-07
0.99996282358 3.71764202482e-05
0.929445376582 0.0705546234182
0.999992305186 7.69481402171e-06
0.991783743464 0.00821625653556
0.915540808859 0.0844591911405
0.461408997556 0.538591002444/
0.897191879998 0.102808120002
0.979320880412 0.020679119588
0.992832217379 0.00716778262064
0.999478196598 0.000521803401937
0.999998250421 1.74957914129e-06
0.991675806243 0.00832419375685
0.886218825324 0.113781174676
0.999999006275 9.9372511498e-07
0.235622295928 0.764377704072/
0.999999966307 3.36929707146e-08
0.888073053751 0.111926946249
0.645117937597 0.354882062403
0.999488981243 0.000511018756658
0.57440259657 0.42559740343
0.000154582229079 0.999845417771/
0.973365242524 0.0266347574757
0.999963812221 3.61877791622e-05
0.996143819339 0.00385618066147
0.999392933239 0.000607066761132
0.999999970377 2.96231541083e-08
